  2.000000000000000E-003  2.000000000000000E-003 -0.324139874730179     
  2.000000000000000E-003  0.307153750000000      -0.330632556970061     
  2.000000000000000E-003  0.612307500000000      -0.339729499334575     
  2.000000000000000E-003  0.917461250000000      -0.352680509847484     
  2.000000000000000E-003   1.22261500000000      -0.359763023913591     
  2.000000000000000E-003   1.52776875000000      -0.360141903042287     
  2.000000000000000E-003   1.83292250000000      -0.355523155250424     
  2.000000000000000E-003   2.13807625000000      -0.348459580805213     
  2.000000000000000E-003   2.44323000000000      -0.340643924516949     
  2.000000000000000E-003   2.74838375000000      -0.331010917970649     
  2.000000000000000E-003   3.05353750000000      -0.321439340810789     
  2.000000000000000E-003   3.35869125000000      -0.316540283039180     
  2.000000000000000E-003   3.66384500000000      -0.308567913372492     
  2.000000000000000E-003   3.96899875000000      -0.285193766525103     
  2.000000000000000E-003   4.27415250000000      -0.259014461416753     
  2.000000000000000E-003   4.57930625000000      -0.230377854455846     
  2.000000000000000E-003   4.88446000000000      -0.206472477398355     
  2.000000000000000E-003   5.18961375000000      -0.189093938666144     
  2.000000000000000E-003   5.49476750000000      -0.177248412620983     
  2.000000000000000E-003   5.79992125000000      -0.170505311376220     
  2.000000000000000E-003   6.10507500000000      -0.167006732176802     
  2.000000000000000E-003   6.41022875000000      -0.164253514995138     
  2.000000000000000E-003   6.71538250000000      -0.159912287930514     
  2.000000000000000E-003   7.02053625000000      -0.156020918679131     
  2.000000000000000E-003   7.32569000000000      -0.152048074043604     
  0.307153750000000       2.000000000000000E-003 -0.330632404882152     
  0.307153750000000       0.307153750000000      -0.331097807032668     
  0.307153750000000       0.612307500000000      -0.360504116519566     
  0.307153750000000       0.917461250000000      -0.389473708905992     
  0.307153750000000        1.22261500000000      -0.402832099603893     
  0.307153750000000        1.52776875000000      -0.404526218173210     
  0.307153750000000        1.83292250000000      -0.399091729387890     
  0.307153750000000        2.13807625000000      -0.390071186796074     
  0.307153750000000        2.44323000000000      -0.379967860591817     
  0.307153750000000        2.74838375000000      -0.365951015839374     
  0.307153750000000        3.05353750000000      -0.347991388187953     
  0.307153750000000        3.35869125000000      -0.331565203050225     
  0.307153750000000        3.66384500000000      -0.317740970405273     
  0.307153750000000        3.96899875000000      -0.294313042411173     
  0.307153750000000        4.27415250000000      -0.265947636531820     
  0.307153750000000        4.57930625000000      -0.237779311886316     
  0.307153750000000        4.88446000000000      -0.214298774999072     
  0.307153750000000        5.18961375000000      -0.196633337119057     
  0.307153750000000        5.49476750000000      -0.183965861771813     
  0.307153750000000        5.79992125000000      -0.176019509987780     
  0.307153750000000        6.10507500000000      -0.171013712768092     
  0.307153750000000        6.41022875000000      -0.166602155111448     
  0.307153750000000        6.71538250000000      -0.160909013191725     
  0.307153750000000        7.02053625000000      -0.157072151276402     
  0.307153750000000        7.32569000000000      -0.154144045004485     
  0.612307500000000       2.000000000000000E-003 -0.339729264128201     
  0.612307500000000       0.307153750000000      -0.360503876441973     
  0.612307500000000       0.612307500000000      -0.396754179867657     
  0.612307500000000       0.917461250000000      -0.429139872617269     
  0.612307500000000        1.22261500000000      -0.445684929840281     
  0.612307500000000        1.52776875000000      -0.449118519341432     
  0.612307500000000        1.83292250000000      -0.443303035339067     
  0.612307500000000        2.13807625000000      -0.433287645579037     
  0.612307500000000        2.44323000000000      -0.420678265010336     
  0.612307500000000        2.74838375000000      -0.403089380206976     
  0.612307500000000        3.05353750000000      -0.379053350656588     
  0.612307500000000        3.35869125000000      -0.352067120717106     
  0.612307500000000        3.66384500000000      -0.325372411189760     
  0.612307500000000        3.96899875000000      -0.297520923058048     
  0.612307500000000        4.27415250000000      -0.268686352895016     
  0.612307500000000        4.57930625000000      -0.242078416838394     
  0.612307500000000        4.88446000000000      -0.220306202538512     
  0.612307500000000        5.18961375000000      -0.203105673241941     
  0.612307500000000        5.49476750000000      -0.190083668263276     
  0.612307500000000        5.79992125000000      -0.181047211025965     
  0.612307500000000        6.10507500000000      -0.174686235212898     
  0.612307500000000        6.41022875000000      -0.169334133589540     
  0.612307500000000        6.71538250000000      -0.164075074237024     
  0.612307500000000        7.02053625000000      -0.159389809268002     
  0.612307500000000        7.32569000000000      -0.152775662390430     
  0.917461250000000       2.000000000000000E-003 -0.352680335064968     
  0.917461250000000       0.307153750000000      -0.389473489243365     
  0.917461250000000       0.612307500000000      -0.429139782587587     
  0.917461250000000       0.917461250000000      -0.461949263145988     
  0.917461250000000        1.22261500000000      -0.481254780728592     
  0.917461250000000        1.52776875000000      -0.487151874362927     
  0.917461250000000        1.83292250000000      -0.482191134180517     
  0.917461250000000        2.13807625000000      -0.473159761573893     
  0.917461250000000        2.44323000000000      -0.457929429525541     
  0.917461250000000        2.74838375000000      -0.435325786120707     
  0.917461250000000        3.05353750000000      -0.406384578643434     
  0.917461250000000        3.35869125000000      -0.372553078438612     
  0.917461250000000        3.66384500000000      -0.337398680177165     
  0.917461250000000        3.96899875000000      -0.303549530779732     
  0.917461250000000        4.27415250000000      -0.272820784692255     
  0.917461250000000        4.57930625000000      -0.246944053955939     
  0.917461250000000        4.88446000000000      -0.225930761581018     
  0.917461250000000        5.18961375000000      -0.208938537646064     
  0.917461250000000        5.49476750000000      -0.195636348730977     
  0.917461250000000        5.79992125000000      -0.185609939266211     
  0.917461250000000        6.10507500000000      -0.177960324885103     
  0.917461250000000        6.41022875000000      -0.171488897337529     
  0.917461250000000        6.71538250000000      -0.165403368495909     
  0.917461250000000        7.02053625000000      -0.158980283633598     
  0.917461250000000        7.32569000000000      -0.151311352066590     
   1.22261500000000       2.000000000000000E-003 -0.359763016344916     
   1.22261500000000       0.307153750000000      -0.402832071616842     
   1.22261500000000       0.612307500000000      -0.445684942496014     
   1.22261500000000       0.917461250000000      -0.481254816545633     
   1.22261500000000        1.22261500000000      -0.504241770491593     
   1.22261500000000        1.52776875000000      -0.513308619123793     
   1.22261500000000        1.83292250000000      -0.512128106203098     
   1.22261500000000        2.13807625000000      -0.504526540229418     
   1.22261500000000        2.44323000000000      -0.486564853064095     
   1.22261500000000        2.74838375000000      -0.458502703724001     
   1.22261500000000        3.05353750000000      -0.423556781484604     
   1.22261500000000        3.35869125000000      -0.385369109421822     
   1.22261500000000        3.66384500000000      -0.346510626185367     
   1.22261500000000        3.96899875000000      -0.310019830216533     
   1.22261500000000        4.27415250000000      -0.278440134936801     
   1.22261500000000        4.57930625000000      -0.252477104660832     
   1.22261500000000        4.88446000000000      -0.231365399143147     
   1.22261500000000        5.18961375000000      -0.214303233740117     
   1.22261500000000        5.49476750000000      -0.200627100994458     
   1.22261500000000        5.79992125000000      -0.189690184485295     
   1.22261500000000        6.10507500000000      -0.180751366852566     
   1.22261500000000        6.41022875000000      -0.172904156479648     
   1.22261500000000        6.71538250000000      -0.165490915500714     
   1.22261500000000        7.02053625000000      -0.158011030254048     
   1.22261500000000        7.32569000000000      -0.150280906954286     
   1.52776875000000       2.000000000000000E-003 -0.360142079004687     
   1.52776875000000       0.307153750000000      -0.404526389306281     
   1.52776875000000       0.612307500000000      -0.449118670429061     
   1.52776875000000       0.917461250000000      -0.487151976481913     
   1.52776875000000        1.22261500000000      -0.513308650042959     
   1.52776875000000        1.52776875000000      -0.526628408166613     
   1.52776875000000        1.83292250000000      -0.530839852914676     
   1.52776875000000        2.13807625000000      -0.522984475468408     
   1.52776875000000        2.44323000000000      -0.502087883161079     
   1.52776875000000        2.74838375000000      -0.470191108563073     
   1.52776875000000        3.05353750000000      -0.431417604923627     
   1.52776875000000        3.35869125000000      -0.390261821340313     
   1.52776875000000        3.66384500000000      -0.350343288572784     
   1.52776875000000        3.96899875000000      -0.314152545118868     
   1.52776875000000        4.27415250000000      -0.283054267296936     
   1.52776875000000        4.57930625000000      -0.257244391528376     
   1.52776875000000        4.88446000000000      -0.236160066345144     
   1.52776875000000        5.18961375000000      -0.219002970101029     
   1.52776875000000        5.49476750000000      -0.204960706250923     
   1.52776875000000        5.79992125000000      -0.193249983928451     
   1.52776875000000        6.10507500000000      -0.183151202948085     
   1.52776875000000        6.41022875000000      -0.174033270485182     
   1.52776875000000        6.71538250000000      -0.165495171265498     
   1.52776875000000        7.02053625000000      -0.157362128810357     
   1.52776875000000        7.32569000000000      -0.149651658190228     
   1.83292250000000       2.000000000000000E-003 -0.355523467526864     
   1.83292250000000       0.307153750000000      -0.399091997460289     
   1.83292250000000       0.612307500000000      -0.443303210535817     
   1.83292250000000       0.917461250000000      -0.482191189058910     
   1.83292250000000        1.22261500000000      -0.512128075191288     
   1.83292250000000        1.52776875000000      -0.530839803547156     
   1.83292250000000        1.83292250000000      -0.535833795056893     
   1.83292250000000        2.13807625000000      -0.525890986649873     
   1.83292250000000        2.44323000000000      -0.502214474203975     
   1.83292250000000        2.74838375000000      -0.468329735119073     
   1.83292250000000        3.05353750000000      -0.428905892051134     
   1.83292250000000        3.35869125000000      -0.388333144638154     
   1.83292250000000        3.66384500000000      -0.349826993685189     
   1.83292250000000        3.96899875000000      -0.315265024067638     
   1.83292250000000        4.27415250000000      -0.285437592428854     
   1.83292250000000        4.57930625000000      -0.260381395352926     
   1.83292250000000        4.88446000000000      -0.239671114501491     
   1.83292250000000        5.18961375000000      -0.222615830171698     
   1.83292250000000        5.49476750000000      -0.208382918249647     
   1.83292250000000        5.79992125000000      -0.196131064566144     
   1.83292250000000        6.10507500000000      -0.185170128915530     
   1.83292250000000        6.41022875000000      -0.175075283624147     
   1.83292250000000        6.71538250000000      -0.165700026241362     
   1.83292250000000        7.02053625000000      -0.157098619233091     
   1.83292250000000        7.32569000000000      -0.149345456108742     
   2.13807625000000       2.000000000000000E-003 -0.348459923540504     
   2.13807625000000       0.307153750000000      -0.390071383751380     
   2.13807625000000       0.612307500000000      -0.433287680307610     
   2.13807625000000       0.917461250000000      -0.473159666372064     
   2.13807625000000        1.22261500000000      -0.504526375913114     
   2.13807625000000        1.52776875000000      -0.522984310431729     
   2.13807625000000        1.83292250000000      -0.525890882115651     
   2.13807625000000        2.13807625000000      -0.513251531337670     
   2.13807625000000        2.44323000000000      -0.487789327206094     
   2.13807625000000        2.74838375000000      -0.453969397726184     
   2.13807625000000        3.05353750000000      -0.416494795099461     
   2.13807625000000        3.35869125000000      -0.379086247922685     
   2.13807625000000        3.66384500000000      -0.344050331275211     
   2.13807625000000        3.96899875000000      -0.312513994262986     
   2.13807625000000        4.27415250000000      -0.284889984356104     
   2.13807625000000        4.57930625000000      -0.261233098309474     
   2.13807625000000        4.88446000000000      -0.241340874252089     
   2.13807625000000        5.18961375000000      -0.224709518959112     
   2.13807625000000        5.49476750000000      -0.210568278639917     
   2.13807625000000        5.79992125000000      -0.198080944063201     
   2.13807625000000        6.10507500000000      -0.186617789377155     
   2.13807625000000        6.41022875000000      -0.175920515165600     
   2.13807625000000        6.71538250000000      -0.166056605988885     
   2.13807625000000        7.02053625000000      -0.157209919070299     
   2.13807625000000        7.32569000000000      -0.149451131368966     
   2.44323000000000       2.000000000000000E-003 -0.340644279614824     
   2.44323000000000       0.307153750000000      -0.379967933693443     
   2.44323000000000       0.612307500000000      -0.420678090614678     
   2.44323000000000       0.917461250000000      -0.457929113304485     
   2.44323000000000        1.22261500000000      -0.486564492477768     
   2.44323000000000        1.52776875000000      -0.502087553173026     
   2.44323000000000        1.83292250000000      -0.502214230215565     
   2.44323000000000        2.13807625000000      -0.487789202013517     
   2.44323000000000        2.44323000000000      -0.462361088556359     
   2.44323000000000        2.74838375000000      -0.430695837663249     
   2.44323000000000        3.05353750000000      -0.397097756216718     
   2.44323000000000        3.35869125000000      -0.364397882033955     
   2.44323000000000        3.66384500000000      -0.333946568471361     
   2.44323000000000        3.96899875000000      -0.306209428263892     
   2.44323000000000        4.27415250000000      -0.281363896428182     
   2.44323000000000        4.57930625000000      -0.259577054006830     
   2.44323000000000        4.88446000000000      -0.240897770974610     
   2.44323000000000        5.18961375000000      -0.225022206578603     
   2.44323000000000        5.49476750000000      -0.211272582454065     
   2.44323000000000        5.79992125000000      -0.198859199998977     
   2.44323000000000        6.10507500000000      -0.187236034580839     
   2.44323000000000        6.41022875000000      -0.176292147963945     
   2.44323000000000        6.71538250000000      -0.166262593560618     
   2.44323000000000        7.02053625000000      -0.157447900616304     
   2.44323000000000        7.32569000000000      -0.149898315337894     
   2.74838375000000       2.000000000000000E-003 -0.331011273887547     
   2.74838375000000       0.307153750000000      -0.365950901318620     
   2.74838375000000       0.612307500000000      -0.403088880731528     
   2.74838375000000       0.917461250000000      -0.435325152504998     
   2.74838375000000        1.22261500000000      -0.458502098253936     
   2.74838375000000        1.52776875000000      -0.470190591578392     
   2.74838375000000        1.83292250000000      -0.468329344780448     
   2.74838375000000        2.13807625000000      -0.453969152827195     
   2.74838375000000        2.44323000000000      -0.430695730893716     
   2.74838375000000        2.74838375000000      -0.402942739092365     
   2.74838375000000        3.05353750000000      -0.374331696005080     
   2.74838375000000        3.35869125000000      -0.346861354489589     
   2.74838375000000        3.66384500000000      -0.321157129554470     
   2.74838375000000        3.96899875000000      -0.297269098164448     
   2.74838375000000        4.27415250000000      -0.275310074776294     
   2.74838375000000        4.57930625000000      -0.255603190225129     
   2.74838375000000        4.88446000000000      -0.238397242377185     
   2.74838375000000        5.18961375000000      -0.223531996622655     
   2.74838375000000        5.49476750000000      -0.210414389118554     
   2.74838375000000        5.79992125000000      -0.198330230129784     
   2.74838375000000        6.10507500000000      -0.186841064195072     
   2.74838375000000        6.41022875000000      -0.175964688845848     
   2.74838375000000        6.71538250000000      -0.166046324994141     
   2.74838375000000        7.02053625000000      -0.157616073859789     
   2.74838375000000        7.32569000000000      -0.150759265557609     
   3.05353750000000       2.000000000000000E-003 -0.321439606327419     
   3.05353750000000       0.307153750000000      -0.347990969811096     
   3.05353750000000       0.612307500000000      -0.379052438186526     
   3.05353750000000       0.917461250000000      -0.406383555184508     
   3.05353750000000        1.22261500000000      -0.423555924450844     
   3.05353750000000        1.52776875000000      -0.431416923860382     
   3.05353750000000        1.83292250000000      -0.428905384478704     
   3.05353750000000        2.13807625000000      -0.416494462046081     
   3.05353750000000        2.44323000000000      -0.397097579021020     
   3.05353750000000        2.74838375000000      -0.374331633087852     
   3.05353750000000        3.05353750000000      -0.351015609557567     
   3.05353750000000        3.35869125000000      -0.328522497409294     
   3.05353750000000        3.66384500000000      -0.307088193123871     
   3.05353750000000        3.96899875000000      -0.286632427348709     
   3.05353750000000        4.27415250000000      -0.267357776903690     
   3.05353750000000        4.57930625000000      -0.249740313348942     
   3.05353750000000        4.88446000000000      -0.234128336408269     
   3.05353750000000        5.18961375000000      -0.220415597460042     
   3.05353750000000        5.49476750000000      -0.208071004777170     
   3.05353750000000        5.79992125000000      -0.196483821565001     
   3.05353750000000        6.10507500000000      -0.185349618852668     
   3.05353750000000        6.41022875000000      -0.174751914525853     
   3.05353750000000        6.71538250000000      -0.165127355060856     
   3.05353750000000        7.02053625000000      -0.157446334609669     
   3.05353750000000        7.32569000000000      -0.151868526581016     
   3.35869125000000       2.000000000000000E-003 -0.316540190006688     
   3.35869125000000       0.307153750000000      -0.331564404470626     
   3.35869125000000       0.612307500000000      -0.352065882278522     
   3.35869125000000       0.917461250000000      -0.372551786609708     
   3.35869125000000        1.22261500000000      -0.385368092491871     
   3.35869125000000        1.52776875000000      -0.390261060541188     
   3.35869125000000        1.83292250000000      -0.388332587931743     
   3.35869125000000        2.13807625000000      -0.379085881010670     
   3.35869125000000        2.44323000000000      -0.364397680245471     
   3.35869125000000        2.74838375000000      -0.346861271897462     
   3.35869125000000        3.05353750000000      -0.328522478996745     
   3.35869125000000        3.35869125000000      -0.310354407215808     
   3.35869125000000        3.66384500000000      -0.292494190147478     
   3.35869125000000        3.96899875000000      -0.274945731128798     
   3.35869125000000        4.27415250000000      -0.258083081286619     
   3.35869125000000        4.57930625000000      -0.242482957933467     
   3.35869125000000        4.88446000000000      -0.228484861113052     
   3.35869125000000        5.18961375000000      -0.215960366808635     
   3.35869125000000        5.49476750000000      -0.204428906882778     
   3.35869125000000        5.79992125000000      -0.193417136353525     
   3.35869125000000        6.10507500000000      -0.182786308926986     
   3.35869125000000        6.41022875000000      -0.172650872611791     
   3.35869125000000        6.71538250000000      -0.163569135376697     
   3.35869125000000        7.02053625000000      -0.156971406206832     
   3.35869125000000        7.32569000000000      -0.152795129515800     
   3.66384500000000       2.000000000000000E-003 -0.308567463782524     
   3.66384500000000       0.307153750000000      -0.317740113947593     
   3.66384500000000       0.612307500000000      -0.325371235122606     
   3.66384500000000       0.917461250000000      -0.337397454582430     
   3.66384500000000        1.22261500000000      -0.346509667610499     
   3.66384500000000        1.52776875000000      -0.350342584358748     
   3.66384500000000        1.83292250000000      -0.349826483754786     
   3.66384500000000        2.13807625000000      -0.344049998689891     
   3.66384500000000        2.44323000000000      -0.333946389885552     
   3.66384500000000        2.74838375000000      -0.321157062042924     
   3.66384500000000        3.05353750000000      -0.307088184698403     
   3.66384500000000        3.35869125000000      -0.292494197676309     
   3.66384500000000        3.66384500000000      -0.277596217126776     
   3.66384500000000        3.96899875000000      -0.262580293659603     
   3.66384500000000        4.27415250000000      -0.247959275289539     
   3.66384500000000        4.57930625000000      -0.234308600222309     
   3.66384500000000        4.88446000000000      -0.221877579107516     
   3.66384500000000        5.18961375000000      -0.210488647617819     
   3.66384500000000        5.49476750000000      -0.199730471314926     
   3.66384500000000        5.79992125000000      -0.189302638324671     
   3.66384500000000        6.10507500000000      -0.179260848400476     
   3.66384500000000        6.41022875000000      -0.169859747903295     
   3.66384500000000        6.71538250000000      -0.161811678890079     
   3.66384500000000        7.02053625000000      -0.156568860028266     
   3.66384500000000        7.32569000000000      -0.152916475135925     
   3.96899875000000       2.000000000000000E-003 -0.285193093890220     
   3.96899875000000       0.307153750000000      -0.294312443075640     
   3.96899875000000       0.612307500000000      -0.297520137569844     
   3.96899875000000       0.917461250000000      -0.303548677884800     
   3.96899875000000        1.22261500000000      -0.310019149314898     
   3.96899875000000        1.52776875000000      -0.314152032479620     
   3.96899875000000        1.83292250000000      -0.315264656012297     
   3.96899875000000        2.13807625000000      -0.312513761631277     
   3.96899875000000        2.44323000000000      -0.306209314031067     
   3.96899875000000        2.74838375000000      -0.297269068564351     
   3.96899875000000        3.05353750000000      -0.286632440690267     
   3.96899875000000        3.35869125000000      -0.274945752933389     
   3.96899875000000        3.66384500000000      -0.262580305788195     
   3.96899875000000        3.96899875000000      -0.249901694380014     
   3.96899875000000        4.27415250000000      -0.237438269737477     
   3.96899875000000        4.57930625000000      -0.225651352563166     
   3.96899875000000        4.88446000000000      -0.214671121843307     
   3.96899875000000        5.18961375000000      -0.204298126384368     
   3.96899875000000        5.49476750000000      -0.194231795978607     
   3.96899875000000        5.79992125000000      -0.184362038810540     
   3.96899875000000        6.10507500000000      -0.174924742187365     
   3.96899875000000        6.41022875000000      -0.166385977110946     
   3.96899875000000        6.71538250000000      -0.159499227942387     
   3.96899875000000        7.02053625000000      -0.154832829488164     
   3.96899875000000        7.32569000000000      -0.150259347945520     
   4.27415250000000       2.000000000000000E-003 -0.259013717356406     
   4.27415250000000       0.307153750000000      -0.265947188536173     
   4.27415250000000       0.612307500000000      -0.268685936399431     
   4.27415250000000       0.917461250000000      -0.272820371508940     
   4.27415250000000        1.22261500000000      -0.278439802156101     
   4.27415250000000        1.52776875000000      -0.283054021098319     
   4.27415250000000        1.83292250000000      -0.285437427539271     
   4.27415250000000        2.13807625000000      -0.284889894896293     
   4.27415250000000        2.44323000000000      -0.281363871080012     
   4.27415250000000        2.74838375000000      -0.275310092268200     
   4.27415250000000        3.05353750000000      -0.267357811626360     
   4.27415250000000        3.35869125000000      -0.258083112890177     
   4.27415250000000        3.66384500000000      -0.247959294266114     
   4.27415250000000        3.96899875000000      -0.237438276725441     
   4.27415250000000        4.27415250000000      -0.226968560065349     
   4.27415250000000        4.57930625000000      -0.216852735799138     
   4.27415250000000        4.88446000000000      -0.207125471955507     
   4.27415250000000        5.18961375000000      -0.197618699801831     
   4.27415250000000        5.49476750000000      -0.188174654931734     
   4.27415250000000        5.79992125000000      -0.178854403571716     
   4.27415250000000        6.10507500000000      -0.169999313832588     
   4.27415250000000        6.41022875000000      -0.162127503853970     
   4.27415250000000        6.71538250000000      -0.155841620122591     
   4.27415250000000        7.02053625000000      -0.151157549242816     
   4.27415250000000        7.32569000000000      -0.146539137459261     
   4.57930625000000       2.000000000000000E-003 -0.230377125490237     
   4.57930625000000       0.307153750000000      -0.237778931486425     
   4.57930625000000       0.612307500000000      -0.242078230926340     
   4.57930625000000       0.917461250000000      -0.246943964342915     
   4.57930625000000        1.22261500000000      -0.252477077871455     
   4.57930625000000        1.52776875000000      -0.257244411376656     
   4.57930625000000        1.83292250000000      -0.260381442599700     
   4.57930625000000        2.13807625000000      -0.261233159302919     
   4.57930625000000        2.44323000000000      -0.259577119015935     
   4.57930625000000        2.74838375000000      -0.255603250700817     
   4.57930625000000        3.05353750000000      -0.249740362566835     
   4.57930625000000        3.35869125000000      -0.242482992772417     
   4.57930625000000        3.66384500000000      -0.234308621543833     
   4.57930625000000        3.96899875000000      -0.225651363991981     
   4.57930625000000        4.27415250000000      -0.216852741202901     
   4.57930625000000        4.57930625000000      -0.208093214917053     
   4.57930625000000        4.88446000000000      -0.199373679978641     
   4.57930625000000        5.18961375000000      -0.190605781616037     
   4.57930625000000        5.49476750000000      -0.181774010019384     
   4.57930625000000        5.79992125000000      -0.173054549247919     
   4.57930625000000        6.10507500000000      -0.164802231752551     
   4.57930625000000        6.41022875000000      -0.157412888289924     
   4.57930625000000        6.71538250000000      -0.151213265551339     
   4.57930625000000        7.02053625000000      -0.146094658238462     
   4.57930625000000        7.32569000000000      -0.141096120099152     
   4.88446000000000       2.000000000000000E-003 -0.206471901438778     
   4.88446000000000       0.307153750000000      -0.214298508705169     
   4.88446000000000       0.612307500000000      -0.220306172741433     
   4.88446000000000       0.917461250000000      -0.225930878665485     
   4.88446000000000        1.22261500000000      -0.231365597665795     
   4.88446000000000        1.52776875000000      -0.236160294908223     
   4.88446000000000        1.83292250000000      -0.239671332877711     
   4.88446000000000        2.13807625000000      -0.241341055951325     
   4.88446000000000        2.44323000000000      -0.240897904621924     
   4.88446000000000        2.74838375000000      -0.238397330367834     
   4.88446000000000        3.05353750000000      -0.234128390554466     
   4.88446000000000        3.35869125000000      -0.228484895907427     
   4.88446000000000        3.66384500000000      -0.221877605498830     
   4.88446000000000        3.96899875000000      -0.214671144542070     
   4.88446000000000        4.27415250000000      -0.207125490633013     
   4.88446000000000        4.57930625000000      -0.199373691807053     
   4.88446000000000        4.88446000000000      -0.191449489551065     
   4.88446000000000        5.18961375000000      -0.183366173236877     
   4.88446000000000        5.49476750000000      -0.175214920689225     
   4.88446000000000        5.79992125000000      -0.167210971810121     
   4.88446000000000        6.10507500000000      -0.159644928439989     
   4.88446000000000        6.41022875000000      -0.152765900571767     
   4.88446000000000        6.71538250000000      -0.146667831897664     
   4.88446000000000        7.02053625000000      -0.141215953351970     
   4.88446000000000        7.32569000000000      -0.136004837793170     
   5.18961375000000       2.000000000000000E-003 -0.189093551582587     
   5.18961375000000       0.307153750000000      -0.196633216849800     
   5.18961375000000       0.612307500000000      -0.203105776243873     
   5.18961375000000       0.917461250000000      -0.208938790730017     
   5.18961375000000        1.22261500000000      -0.214303566583816     
   5.18961375000000        1.52776875000000      -0.219003321159280     
   5.18961375000000        1.83292250000000      -0.222616147562069     
   5.18961375000000        2.13807625000000      -0.224709766523279     
   5.18961375000000        2.44323000000000      -0.225022371142780     
   5.18961375000000        2.74838375000000      -0.223532089430434     
   5.18961375000000        3.05353750000000      -0.220415646421230     
   5.18961375000000        3.35869125000000      -0.215960402291095     
   5.18961375000000        3.66384500000000      -0.210488689125031     
   5.18961375000000        3.96899875000000      -0.204298177027999     
   5.18961375000000        4.27415250000000      -0.197618750631358     
   5.18961375000000        4.57930625000000      -0.190605821343480     
   5.18961375000000        4.88446000000000      -0.183366194961566     
   5.18961375000000        5.18961375000000      -0.176002509164548     
   5.18961375000000        5.49476750000000      -0.168654900541457     
   5.18961375000000        5.79992125000000      -0.161505843377331     
   5.18961375000000        6.10507500000000      -0.154735705959331     
   5.18961375000000        6.41022875000000      -0.148456771992707     
   5.18961375000000        6.71538250000000      -0.142671828825087     
   5.18961375000000        7.02053625000000      -0.137282965828478     
   5.18961375000000        7.32569000000000      -0.132152185225081     
   5.49476750000000       2.000000000000000E-003 -0.177248123731035     
   5.49476750000000       0.307153750000000      -0.183965856806711     
   5.49476750000000       0.612307500000000      -0.190083890361158     
   5.49476750000000       0.917461250000000      -0.195636689827588     
   5.49476750000000        1.22261500000000      -0.200627490122644     
   5.49476750000000        1.52776875000000      -0.204961094712338     
   5.49476750000000        1.83292250000000      -0.208383258645634     
   5.49476750000000        2.13807625000000      -0.210568533501149     
   5.49476750000000        2.44323000000000      -0.211272739071129     
   5.49476750000000        2.74838375000000      -0.210414465456584     
   5.49476750000000        3.05353750000000      -0.208071040770335     
   5.49476750000000        3.35869125000000      -0.204428945687429     
   5.49476750000000        3.66384500000000      -0.199730540246491     
   5.49476750000000        3.96899875000000      -0.194231895935841     
   5.49476750000000        4.27415250000000      -0.188174764552993     
   5.49476750000000        4.57930625000000      -0.181774102884175     
   5.49476750000000        4.88446000000000      -0.175214981612608     
   5.49476750000000        5.18961375000000      -0.168654928446539     
   5.49476750000000        5.49476750000000      -0.162227512473117     
   5.49476750000000        5.79992125000000      -0.156037732203808     
   5.49476750000000        6.10507500000000      -0.150146618969436     
   5.49476750000000        6.41022875000000      -0.144558851904301     
   5.49476750000000        6.71538250000000      -0.139250361243140     
   5.49476750000000        7.02053625000000      -0.134206282521768     
   5.49476750000000        7.32569000000000      -0.129399151482019     
   5.79992125000000       2.000000000000000E-003 -0.170504898282485     
   5.79992125000000       0.307153750000000      -0.176019402603833     
   5.79992125000000       0.612307500000000      -0.181047398797843     
   5.79992125000000       0.917461250000000      -0.185610301930225     
   5.79992125000000        1.22261500000000      -0.189690583018252     
   5.79992125000000        1.52776875000000      -0.193250348422228     
   5.79992125000000        1.83292250000000      -0.196131372449763     
   5.79992125000000        2.13807625000000      -0.198081166239500     
   5.79992125000000        2.44323000000000      -0.198859326591095     
   5.79992125000000        2.74838375000000      -0.198330282063729     
   5.79992125000000        3.05353750000000      -0.196483843144835     
   5.79992125000000        3.35869125000000      -0.193417178287040     
   5.79992125000000        3.66384500000000      -0.189302739842675     
   5.79992125000000        3.96899875000000      -0.184362206321626     
   5.79992125000000        4.27415250000000      -0.178854601376035     
   5.79992125000000        4.57930625000000      -0.173054725847076     
   5.79992125000000        4.88446000000000      -0.167211094948331     
   5.79992125000000        5.18961375000000      -0.161505909457244     
   5.79992125000000        5.49476750000000      -0.156037754980602     
   5.79992125000000        5.79992125000000      -0.150829001599726     
   5.79992125000000        6.10507500000000      -0.145847369467098     
   5.79992125000000        6.41022875000000      -0.141100753736355     
   5.79992125000000        6.71538250000000      -0.136536709598342     
   5.79992125000000        7.02053625000000      -0.132082670969949     
   5.79992125000000        7.32569000000000      -0.127713904901907     
   6.10507500000000       2.000000000000000E-003 -0.167005984496681     
   6.10507500000000       0.307153750000000      -0.171013282671632     
   6.10507500000000       0.612307500000000      -0.174686213962633     
   6.10507500000000       0.917461250000000      -0.177960583841092     
   6.10507500000000        1.22261500000000      -0.180751710276772     
   6.10507500000000        1.52776875000000      -0.183151511154845     
   6.10507500000000        1.83292250000000      -0.185170381480426     
   6.10507500000000        2.13807625000000      -0.186617971607358     
   6.10507500000000        2.44323000000000      -0.187236139865375     
   6.10507500000000        2.74838375000000      -0.186841109264687     
   6.10507500000000        3.05353750000000      -0.185349634677817     
   6.10507500000000        3.35869125000000      -0.182786336741429     
   6.10507500000000        3.66384500000000      -0.179260962527295     
   6.10507500000000        3.96899875000000      -0.174924985208598     
   6.10507500000000        4.27415250000000      -0.169999634759828     
   6.10507500000000        4.57930625000000      -0.164802525626809     
   6.10507500000000        4.88446000000000      -0.159645134769934     
   6.10507500000000        5.18961375000000      -0.154735817550135     
   6.10507500000000        5.49476750000000      -0.150146655664146     
   6.10507500000000        5.79992125000000      -0.145847362152274     
   6.10507500000000        6.10507500000000      -0.141855050475638     
   6.10507500000000        6.41022875000000      -0.138074875603086     
   6.10507500000000        6.71538250000000      -0.134356994484992     
   6.10507500000000        7.02053625000000      -0.130592801959614     
   6.10507500000000        7.32569000000000      -0.126721583433170     
   6.41022875000000       2.000000000000000E-003 -0.164252234850438     
   6.41022875000000       0.307153750000000      -0.166601252791992     
   6.41022875000000       0.612307500000000      -0.169333855199011     
   6.41022875000000       0.917461250000000      -0.171489043775324     
   6.41022875000000        1.22261500000000      -0.172904439328395     
   6.41022875000000        1.52776875000000      -0.174033524350455     
   6.41022875000000        1.83292250000000      -0.175075490748692     
   6.41022875000000        2.13807625000000      -0.175920684486190     
   6.41022875000000        2.44323000000000      -0.176292276561246     
   6.41022875000000        2.74838375000000      -0.175964782525606     
   6.41022875000000        3.05353750000000      -0.174751968483598     
   6.41022875000000        3.35869125000000      -0.172650971827268     
   6.41022875000000        3.66384500000000      -0.169860005561269     
   6.41022875000000        3.96899875000000      -0.166386409908950     
   6.41022875000000        4.27415250000000      -0.162128017271318     
   6.41022875000000        4.57930625000000      -0.157413343516010     
   6.41022875000000        4.88446000000000      -0.152766198642657     
   6.41022875000000        5.18961375000000      -0.148456921655925     
   6.41022875000000        5.49476750000000      -0.144558881960939     
   6.41022875000000        5.79992125000000      -0.141100722757618     
   6.41022875000000        6.10507500000000      -0.138074865520789     
   6.41022875000000        6.41022875000000      -0.135237096638369     
   6.41022875000000        6.71538250000000      -0.132352554875346     
   6.41022875000000        7.02053625000000      -0.129302974679917     
   6.41022875000000        7.32569000000000      -0.126009880971028     
   6.71538250000000       2.000000000000000E-003 -0.159910454349409     
   6.71538250000000       0.307153750000000      -0.160907819105384     
   6.71538250000000       0.612307500000000      -0.164074797483307     
   6.71538250000000       0.917461250000000      -0.165403563920255     
   6.71538250000000        1.22261500000000      -0.165491213076230     
   6.71538250000000        1.52776875000000      -0.165495416838475     
   6.71538250000000        1.83292250000000      -0.165700226918033     
   6.71538250000000        2.13807625000000      -0.166056812825634     
   6.71538250000000        2.44323000000000      -0.166262817629173     
   6.71538250000000        2.74838375000000      -0.166046546871725     
   6.71538250000000        3.05353750000000      -0.165127568170284     
   6.71538250000000        3.35869125000000      -0.163569449091021     
   6.71538250000000        3.66384500000000      -0.161812231404100     
   6.71538250000000        3.96899875000000      -0.159499982775426     
   6.71538250000000        4.27415250000000      -0.155842369355998     
   6.71538250000000        4.57930625000000      -0.151213874779834     
   6.71538250000000        4.88446000000000      -0.146668200476539     
   6.71538250000000        5.18961375000000      -0.142671985929056     
   6.71538250000000        5.49476750000000      -0.139250360125712     
   6.71538250000000        5.79992125000000      -0.136536667799443     
   6.71538250000000        6.10507500000000      -0.134357028283794     
   6.71538250000000        6.41022875000000      -0.132352683018778     
   6.71538250000000        6.71538250000000      -0.130122401351429     
   6.71538250000000        7.02053625000000      -0.127667636952719     
   6.71538250000000        7.32569000000000      -0.125167230430690     
   7.02053625000000       2.000000000000000E-003 -0.156019215833166     
   7.02053625000000       0.307153750000000      -0.157071493605230     
   7.02053625000000       0.612307500000000      -0.159390092405862     
   7.02053625000000       0.917461250000000      -0.158980748031792     
   7.02053625000000        1.22261500000000      -0.158011412368215     
   7.02053625000000        1.52776875000000      -0.157362404387555     
   7.02053625000000        1.83292250000000      -0.157098862379734     
   7.02053625000000        2.13807625000000      -0.157210215179571     
   7.02053625000000        2.44323000000000      -0.157448291067878     
   7.02053625000000        2.74838375000000      -0.157616521141283     
   7.02053625000000        3.05353750000000      -0.157446830554974     
   7.02053625000000        3.35869125000000      -0.156972043523948     
   7.02053625000000        3.66384500000000      -0.156569794930840     
   7.02053625000000        3.96899875000000      -0.154833838084974     
   7.02053625000000        4.27415250000000      -0.151158373041487     
   7.02053625000000        4.57930625000000      -0.146095267898714     
   7.02053625000000        4.88446000000000      -0.141216309438998     
   7.02053625000000        5.18961375000000      -0.137283079261624     
   7.02053625000000        5.49476750000000      -0.134206238292060     
   7.02053625000000        5.79992125000000      -0.132082624118366     
   7.02053625000000        6.10507500000000      -0.130592915193085     
   7.02053625000000        6.41022875000000      -0.129303372540041     
   7.02053625000000        6.71538250000000      -0.127668209896421     
   7.02053625000000        7.02053625000000      -0.125785063964420     
   7.02053625000000        7.32569000000000      -0.124209620756326     
   7.32569000000000       2.000000000000000E-003 -0.152046963275766     
   7.32569000000000       0.307153750000000      -0.154144119157301     
   7.32569000000000       0.612307500000000      -0.152776418109105     
   7.32569000000000       0.917461250000000      -0.151311951101486     
   7.32569000000000        1.22261500000000      -0.150281296301076     
   7.32569000000000        1.52776875000000      -0.149651944092802     
   7.32569000000000        1.83292250000000      -0.149345758485197     
   7.32569000000000        2.13807625000000      -0.149451543057502     
   7.32569000000000        2.44323000000000      -0.149898908911000     
   7.32569000000000        2.74838375000000      -0.150760049884123     
   7.32569000000000        3.05353750000000      -0.151869470750771     
   7.32569000000000        3.35869125000000      -0.152796284204843     
   7.32569000000000        3.66384500000000      -0.152917788436396     
   7.32569000000000        3.96899875000000      -0.150260331272151     
   7.32569000000000        4.27415250000000      -0.146539782655767     
   7.32569000000000        4.57930625000000      -0.141096561463743     
   7.32569000000000        4.88446000000000      -0.136005059526527     
   7.32569000000000        5.18961375000000      -0.132152206027259     
   7.32569000000000        5.49476750000000      -0.129399047311452     
   7.32569000000000        5.79992125000000      -0.127713820830822     
   7.32569000000000        6.10507500000000      -0.126721684826449     
   7.32569000000000        6.41022875000000      -0.126010336731456     
   7.32569000000000        6.71538250000000      -0.125168076976862     
   7.32569000000000        7.02053625000000      -0.124210263985072     
   7.32569000000000        7.32569000000000      -0.121820748275981     
