  2.000000000000000E-003  2.000000000000000E-003 -0.171271291205884     
  2.000000000000000E-003  0.307153750000000      -0.175606411533417     
  2.000000000000000E-003  0.612307500000000      -0.178412914735951     
  2.000000000000000E-003  0.917461250000000      -0.181486524995764     
  2.000000000000000E-003   1.22261500000000      -0.183837649394614     
  2.000000000000000E-003   1.52776875000000      -0.186146140668548     
  2.000000000000000E-003   1.83292250000000      -0.189255874481172     
  2.000000000000000E-003   2.13807625000000      -0.193930613485871     
  2.000000000000000E-003   2.44323000000000      -0.200282021025965     
  2.000000000000000E-003   2.74838375000000      -0.208630270805116     
  2.000000000000000E-003   3.05353750000000      -0.217240898304247     
  2.000000000000000E-003   3.35869125000000      -0.222107181584256     
  2.000000000000000E-003   3.66384500000000      -0.223930835244896     
  2.000000000000000E-003   3.96899875000000      -0.222106123226802     
  2.000000000000000E-003   4.27415250000000      -0.217238669615853     
  2.000000000000000E-003   4.57930625000000      -0.208626635108249     
  2.000000000000000E-003   4.88446000000000      -0.200277133332854     
  2.000000000000000E-003   5.18961375000000      -0.193924650920837     
  2.000000000000000E-003   5.49476750000000      -0.189248735338247     
  2.000000000000000E-003   5.79992125000000      -0.186138116549105     
  2.000000000000000E-003   6.10507500000000      -0.183828323009275     
  2.000000000000000E-003   6.41022875000000      -0.181474094614922     
  2.000000000000000E-003   6.71538250000000      -0.178395159757774     
  2.000000000000000E-003   7.02053625000000      -0.175589201788871     
  2.000000000000000E-003   7.32569000000000      -0.171264702770192     
  0.307153750000000       2.000000000000000E-003 -0.175606448786814     
  0.307153750000000       0.307153750000000      -0.179278637229063     
  0.307153750000000       0.612307500000000      -0.184926733143350     
  0.307153750000000       0.917461250000000      -0.190188163769535     
  0.307153750000000        1.22261500000000      -0.193945617306919     
  0.307153750000000        1.52776875000000      -0.197373605144841     
  0.307153750000000        1.83292250000000      -0.201475189749655     
  0.307153750000000        2.13807625000000      -0.206927608462724     
  0.307153750000000        2.44323000000000      -0.213466719828668     
  0.307153750000000        2.74838375000000      -0.220774643914808     
  0.307153750000000        3.05353750000000      -0.226827463450288     
  0.307153750000000        3.35869125000000      -0.228705705596870     
  0.307153750000000        3.66384500000000      -0.228160030921374     
  0.307153750000000        3.96899875000000      -0.228707879996559     
  0.307153750000000        4.27415250000000      -0.226828520400217     
  0.307153750000000        4.57930625000000      -0.220773664182361     
  0.307153750000000        4.88446000000000      -0.213464175235952     
  0.307153750000000        5.18961375000000      -0.206924210793167     
  0.307153750000000        5.49476750000000      -0.201471570629462     
  0.307153750000000        5.79992125000000      -0.197371381936278     
  0.307153750000000        6.10507500000000      -0.193947174578255     
  0.307153750000000        6.41022875000000      -0.190197238634868     
  0.307153750000000        6.71538250000000      -0.184948355358000     
  0.307153750000000        7.02053625000000      -0.179306660511061     
  0.307153750000000        7.32569000000000      -0.175588643549236     
  0.612307500000000       2.000000000000000E-003 -0.178412989122560     
  0.612307500000000       0.307153750000000      -0.184926723996488     
  0.612307500000000       0.612307500000000      -0.192209566274792     
  0.612307500000000       0.917461250000000      -0.198811939851921     
  0.612307500000000        1.22261500000000      -0.204220957870455     
  0.612307500000000        1.52776875000000      -0.209323791950383     
  0.612307500000000        1.83292250000000      -0.214938513194191     
  0.612307500000000        2.13807625000000      -0.221513894934539     
  0.612307500000000        2.44323000000000      -0.228579129959383     
  0.612307500000000        2.74838375000000      -0.235302653452025     
  0.612307500000000        3.05353750000000      -0.239915373663939     
  0.612307500000000        3.35869125000000      -0.240759364855803     
  0.612307500000000        3.66384500000000      -0.240060889590984     
  0.612307500000000        3.96899875000000      -0.240761855902331     
  0.612307500000000        4.27415250000000      -0.239917803632878     
  0.612307500000000        4.57930625000000      -0.235303630058255     
  0.612307500000000        4.88446000000000      -0.228578835111356     
  0.612307500000000        5.18961375000000      -0.221513057771648     
  0.612307500000000        5.49476750000000      -0.214937992200607     
  0.612307500000000        5.79992125000000      -0.209325568147252     
  0.612307500000000        6.10507500000000      -0.204228167066904     
  0.612307500000000        6.41022875000000      -0.198828512967883     
  0.612307500000000        6.71538250000000      -0.192236301114888     
  0.612307500000000        7.02053625000000      -0.184947894292606     
  0.612307500000000        7.32569000000000      -0.178394310244732     
  0.917461250000000       2.000000000000000E-003 -0.181486666384603     
  0.917461250000000       0.307153750000000      -0.190188254500105     
  0.917461250000000       0.612307500000000      -0.198812000009744     
  0.917461250000000       0.917461250000000      -0.206930234646888     
  0.917461250000000        1.22261500000000      -0.214463314607336     
  0.917461250000000        1.52776875000000      -0.221842482824386     
  0.917461250000000        1.83292250000000      -0.229596600193099     
  0.917461250000000        2.13807625000000      -0.237940068405188     
  0.917461250000000        2.44323000000000      -0.246354448239725     
  0.917461250000000        2.74838375000000      -0.254029143897639     
  0.917461250000000        3.05353750000000      -0.259761967561810     
  0.917461250000000        3.35869125000000      -0.262595355640090     
  0.917461250000000        3.66384500000000      -0.263233752900643     
  0.917461250000000        3.96899875000000      -0.262597264273711     
  0.917461250000000        4.27415250000000      -0.259764384703894     
  0.917461250000000        4.57930625000000      -0.254030990112287     
  0.917461250000000        4.88446000000000      -0.246355745239301     
  0.917461250000000        5.18961375000000      -0.237941217180192     
  0.917461250000000        5.49476750000000      -0.229598197104607     
  0.917461250000000        5.79992125000000      -0.221845865900879     
  0.917461250000000        6.10507500000000      -0.214470710047563     
  0.917461250000000        6.41022875000000      -0.206943282552012     
  0.917461250000000        6.71538250000000      -0.198828498159129     
  0.917461250000000        7.02053625000000      -0.190196995502097     
  0.917461250000000        7.32569000000000      -0.181473662135356     
   1.22261500000000       2.000000000000000E-003 -0.183837876310846     
   1.22261500000000       0.307153750000000      -0.193945830340525     
   1.22261500000000       0.612307500000000      -0.204221121999752     
   1.22261500000000       0.917461250000000      -0.214463399970858     
   1.22261500000000        1.22261500000000      -0.224591181875915     
   1.22261500000000        1.52776875000000      -0.234739430607170     
   1.22261500000000        1.83292250000000      -0.245190704259990     
   1.22261500000000        2.13807625000000      -0.255895196919822     
   1.22261500000000        2.44323000000000      -0.266311275032725     
   1.22261500000000        2.74838375000000      -0.275718456520980     
   1.22261500000000        3.05353750000000      -0.283225480258854     
   1.22261500000000        3.35869125000000      -0.288006101996699     
   1.22261500000000        3.66384500000000      -0.289617170248914     
   1.22261500000000        3.96899875000000      -0.288007318590182     
   1.22261500000000        4.27415250000000      -0.283227297177029     
   1.22261500000000        4.57930625000000      -0.275720470294200     
   1.22261500000000        4.88446000000000      -0.266313431830600     
   1.22261500000000        5.18961375000000      -0.255897562567910     
   1.22261500000000        5.49476750000000      -0.245193481646641     
   1.22261500000000        5.79992125000000      -0.234743087021862     
   1.22261500000000        6.10507500000000      -0.224596636805262     
   1.22261500000000        6.41022875000000      -0.214470885588952     
   1.22261500000000        6.71538250000000      -0.204228397115567     
   1.22261500000000        7.02053625000000      -0.193947332144755     
   1.22261500000000        7.32569000000000      -0.183828345331641     
   1.52776875000000       2.000000000000000E-003 -0.186146463232664     
   1.52776875000000       0.307153750000000      -0.197373909490610     
   1.52776875000000       0.612307500000000      -0.209324025407200     
   1.52776875000000       0.917461250000000      -0.221842613138910     
   1.52776875000000        1.22261500000000      -0.234739464549311     
   1.52776875000000        1.52776875000000      -0.247920947783788     
   1.52776875000000        1.83292250000000      -0.261351153028607     
   1.52776875000000        2.13807625000000      -0.274662844479755     
   1.52776875000000        2.44323000000000      -0.287352086722483     
   1.52776875000000        2.74838375000000      -0.298725473024422     
   1.52776875000000        3.05353750000000      -0.307879648491674     
   1.52776875000000        3.35869125000000      -0.313859264328236     
   1.52776875000000        3.66384500000000      -0.315941211385147     
   1.52776875000000        3.96899875000000      -0.313859942654719     
   1.52776875000000        4.27415250000000      -0.307880911876310     
   1.52776875000000        4.57930625000000      -0.298727257355523     
   1.52776875000000        4.88446000000000      -0.287354396805335     
   1.52776875000000        5.18961375000000      -0.274665675664582     
   1.52776875000000        5.49476750000000      -0.261354422683996     
   1.52776875000000        5.79992125000000      -0.247924576300102     
   1.52776875000000        6.10507500000000      -0.234743312315419     
   1.52776875000000        6.41022875000000      -0.221846278257040     
   1.52776875000000        6.71538250000000      -0.209326070664282     
   1.52776875000000        7.02053625000000      -0.197371856193965     
   1.52776875000000        7.32569000000000      -0.186138456956926     
   1.83292250000000       2.000000000000000E-003 -0.189256265657639     
   1.83292250000000       0.307153750000000      -0.201475507843622     
   1.83292250000000       0.612307500000000      -0.214938709045939     
   1.83292250000000       0.917461250000000      -0.229596659806600     
   1.83292250000000        1.22261500000000      -0.245190670143815     
   1.83292250000000        1.52776875000000      -0.261351096759182     
   1.83292250000000        1.83292250000000      -0.277596217126775     
   1.83292250000000        2.13807625000000      -0.293421824364197     
   1.83292250000000        2.44323000000000      -0.308295307530197     
   1.83292250000000        2.74838375000000      -0.321522243472966     
   1.83292250000000        3.05353750000000      -0.332153694046427     
   1.83292250000000        3.35869125000000      -0.339114820975431     
   1.83292250000000        3.66384500000000      -0.341544153201104     
   1.83292250000000        3.96899875000000      -0.339115072155647     
   1.83292250000000        4.27415250000000      -0.332154313110860     
   1.83292250000000        4.57930625000000      -0.321523409279507     
   1.83292250000000        4.88446000000000      -0.308297204830463     
   1.83292250000000        5.18961375000000      -0.293424487156912     
   1.83292250000000        5.49476750000000      -0.277599509481036     
   1.83292250000000        5.79992125000000      -0.261354625160021     
   1.83292250000000        6.10507500000000      -0.245193903503785     
   1.83292250000000        6.41022875000000      -0.229598788787800     
   1.83292250000000        6.71538250000000      -0.214938673555859     
   1.83292250000000        7.02053625000000      -0.201472232992048     
   1.83292250000000        7.32569000000000      -0.189249255344248     
   2.13807625000000       2.000000000000000E-003 -0.193931005462138     
   2.13807625000000       0.307153750000000      -0.206927831613268     
   2.13807625000000       0.612307500000000      -0.221513935479324     
   2.13807625000000       0.917461250000000      -0.237939962805402     
   2.13807625000000        1.22261500000000      -0.255895010266661     
   2.13807625000000        1.52776875000000      -0.274662651385618     
   2.13807625000000        1.83292250000000      -0.293421698008732     
   2.13807625000000        2.13807625000000      -0.311466066146645     
   2.13807625000000        2.44323000000000      -0.328198586242106     
   2.13807625000000        2.74838375000000      -0.342932378941997     
   2.13807625000000        3.05353750000000      -0.354711433982162     
   2.13807625000000        3.35869125000000      -0.362400946745867     
   2.13807625000000        3.66384500000000      -0.365078972788331     
   2.13807625000000        3.96899875000000      -0.362400770504540     
   2.13807625000000        4.27415250000000      -0.354711332700609     
   2.13807625000000        4.57930625000000      -0.342932691294292     
   2.13807625000000        4.88446000000000      -0.328199678505657     
   2.13807625000000        5.18961375000000      -0.311468133088186     
   2.13807625000000        5.49476750000000      -0.293424627591591     
   2.13807625000000        5.79992125000000      -0.274666009641821     
   2.13807625000000        6.10507500000000      -0.255898117204129     
   2.13807625000000        6.41022875000000      -0.237941941505502     
   2.13807625000000        6.71538250000000      -0.221513834523496     
   2.13807625000000        7.02053625000000      -0.206924934568807     
   2.13807625000000        7.32569000000000      -0.193925228487888     
   2.44323000000000       2.000000000000000E-003 -0.200282450965146     
   2.44323000000000       0.307153750000000      -0.213466850195959     
   2.44323000000000       0.612307500000000      -0.228578967773734     
   2.44323000000000       0.917461250000000      -0.246354104706017     
   2.44323000000000        1.22261500000000      -0.266310865106341     
   2.44323000000000        1.52776875000000      -0.287351698738048     
   2.44323000000000        1.83292250000000      -0.308295010109212     
   2.44323000000000        2.13807625000000      -0.328198427693569     
   2.44323000000000        2.44323000000000      -0.346377746048999     
   2.44323000000000        2.74838375000000      -0.362171100026492     
   2.44323000000000        3.05353750000000      -0.374684411850145     
   2.44323000000000        3.35869125000000      -0.382811813199540     
   2.44323000000000        3.66384500000000      -0.385634488487261     
   2.44323000000000        3.96899875000000      -0.382811303719919     
   2.44323000000000        4.27415250000000      -0.374683670390954     
   2.44323000000000        4.57930625000000      -0.362170588615038     
   2.44323000000000        4.88446000000000      -0.346377986640531     
   2.44323000000000        5.18961375000000      -0.328199710095388     
   2.44323000000000        5.49476750000000      -0.308297388974134     
   2.44323000000000        5.79992125000000      -0.287354779677933     
   2.44323000000000        6.10507500000000      -0.266314035648456     
   2.44323000000000        6.41022875000000      -0.246356532234221     
   2.44323000000000        6.71538250000000      -0.228579702175465     
   2.44323000000000        7.02053625000000      -0.213464995935921     
   2.44323000000000        7.32569000000000      -0.200277778886876     
   2.74838375000000       2.000000000000000E-003 -0.208630719523824     
   2.74838375000000       0.307153750000000      -0.220774590741665     
   2.74838375000000       0.612307500000000      -0.235302155767454     
   2.74838375000000       0.917461250000000      -0.254028465261276     
   2.74838375000000        1.22261500000000      -0.275717774116711     
   2.74838375000000        1.52776875000000      -0.298724870463639     
   2.74838375000000        1.83292250000000      -0.321521770044105     
   2.74838375000000        2.13807625000000      -0.342932066398624     
   2.74838375000000        2.44323000000000      -0.362170955070224     
   2.74838375000000        2.74838375000000      -0.378608114478887     
   2.74838375000000        3.05353750000000      -0.391484078965086     
   2.74838375000000        3.35869125000000      -0.399820626419936     
   2.74838375000000        3.66384500000000      -0.402720003181695     
   2.74838375000000        3.96899875000000      -0.399819909526176     
   2.74838375000000        4.27415250000000      -0.391482963327277     
   2.74838375000000        4.57930625000000      -0.378607077693047     
   2.74838375000000        4.88446000000000      -0.362170526400344     
   2.74838375000000        5.18961375000000      -0.342932651296712     
   2.74838375000000        5.49476750000000      -0.321523515881691     
   2.74838375000000        5.79992125000000      -0.298727571554472     
   2.74838375000000        6.10507500000000      -0.275721017173673     
   2.74838375000000        6.41022875000000      -0.254031750921150     
   2.74838375000000        6.71538250000000      -0.235304541445184     
   2.74838375000000        7.02053625000000      -0.220774547653784     
   2.74838375000000        7.32569000000000      -0.208627373784708     
   3.05353750000000       2.000000000000000E-003 -0.217241176330750     
   3.05353750000000       0.307153750000000      -0.226827062680993     
   3.05353750000000       0.612307500000000      -0.239914389188734     
   3.05353750000000       0.917461250000000      -0.259760828111847     
   3.05353750000000        1.22261500000000      -0.283224517459526     
   3.05353750000000        1.52776875000000      -0.307878865953021     
   3.05353750000000        1.83292250000000      -0.332153086790765     
   3.05353750000000        2.13807625000000      -0.354711009291138     
   3.05353750000000        2.44323000000000      -0.374684164393672     
   3.05353750000000        2.74838375000000      -0.391483979316924     
   3.05353750000000        3.05353750000000      -0.404532957956482     
   3.05353750000000        3.35869125000000      -0.413023693770108     
   3.05353750000000        3.66384500000000      -0.416008501766905     
   3.05353750000000        3.96899875000000      -0.413023025333386     
   3.05353750000000        4.27415250000000      -0.404531880310090     
   3.05353750000000        4.57930625000000      -0.391482856438808     
   3.05353750000000        4.88446000000000      -0.374683481516010     
   3.05353750000000        5.18961375000000      -0.354711182352006     
   3.05353750000000        5.49476750000000      -0.332154277867672     
   3.05353750000000        5.79992125000000      -0.307881073410776     
   3.05353750000000        6.10507500000000      -0.283227685979709     
   3.05353750000000        6.41022875000000      -0.259765004134790     
   3.05353750000000        6.71538250000000      -0.239918644630147     
   3.05353750000000        7.02053625000000      -0.226829391952933     
   3.05353750000000        7.32569000000000      -0.217239481249797     
   3.35869125000000       2.000000000000000E-003 -0.222106935559094     
   3.35869125000000       0.307153750000000      -0.228704797627610     
   3.35869125000000       0.612307500000000      -0.240757966658893     
   3.35869125000000       0.917461250000000      -0.262593879969580     
   3.35869125000000        1.22261500000000      -0.288004955109462     
   3.35869125000000        1.52776875000000      -0.313858404976485     
   3.35869125000000        1.83292250000000      -0.339114167021737     
   3.35869125000000        2.13807625000000      -0.362400481262687     
   3.35869125000000        2.44323000000000      -0.382811523798929     
   3.35869125000000        2.74838375000000      -0.399820482288470     
   3.35869125000000        3.05353750000000      -0.413023647269271     
   3.35869125000000        3.35869125000000      -0.421747655973246     
   3.35869125000000        3.66384500000000      -0.424881106435579     
   3.35869125000000        3.96899875000000      -0.421747234210313     
   3.35869125000000        4.27415250000000      -0.413022898632061     
   3.35869125000000        4.57930625000000      -0.399819733198741     
   3.35869125000000        4.88446000000000      -0.382810987787367     
   3.35869125000000        5.18961375000000      -0.362400494271146     
   3.35869125000000        5.49476750000000      -0.339114904134135     
   3.35869125000000        5.79992125000000      -0.313859898107881     
   3.35869125000000        6.10507500000000      -0.288007400727797     
   3.35869125000000        6.41022875000000      -0.262597549133661     
   3.35869125000000        6.71538250000000      -0.240762411422690     
   3.35869125000000        7.02053625000000      -0.228708513464589     
   3.35869125000000        7.32569000000000      -0.222106978134618     
   3.66384500000000       2.000000000000000E-003 -0.223930102477546     
   3.66384500000000       0.307153750000000      -0.228158921268010     
   3.66384500000000       0.612307500000000      -0.240059496396595     
   3.66384500000000       0.917461250000000      -0.263232348116487     
   3.66384500000000        1.22261500000000      -0.289616103417707     
   3.66384500000000        1.52776875000000      -0.315940437723927     
   3.66384500000000        1.83292250000000      -0.341543568293257     
   3.66384500000000        2.13807625000000      -0.365078553206662     
   3.66384500000000        2.44323000000000      -0.385634223730692     
   3.66384500000000        2.74838375000000      -0.402719868113491     
   3.66384500000000        3.05353750000000      -0.416008454971297     
   3.66384500000000        3.35869125000000      -0.424881102024422     
   3.66384500000000        3.66384500000000      -0.428113972570865     
   3.66384500000000        3.96899875000000      -0.424880988557704     
   3.66384500000000        4.27415250000000      -0.416008296238982     
   3.66384500000000        4.57930625000000      -0.402719703257143     
   3.66384500000000        4.88446000000000      -0.385634088918360     
   3.66384500000000        5.18961375000000      -0.365078604860561     
   3.66384500000000        5.49476750000000      -0.341543806669975     
   3.66384500000000        5.79992125000000      -0.315940992190240     
   3.66384500000000        6.10507500000000      -0.289616942446978     
   3.66384500000000        6.41022875000000      -0.263233554310025     
   3.66384500000000        6.71538250000000      -0.240060813073543     
   3.66384500000000        7.02053625000000      -0.228159967466323     
   3.66384500000000        7.32569000000000      -0.223931772305685     
   3.96899875000000       2.000000000000000E-003 -0.222105150764706     
   3.96899875000000       0.307153750000000      -0.228707095715600     
   3.96899875000000       0.612307500000000      -0.240760935249805     
   3.96899875000000       0.917461250000000      -0.262596332600624     
   3.96899875000000        1.22261500000000      -0.288006615152119     
   3.96899875000000        1.52776875000000      -0.313859415070771     
   3.96899875000000        1.83292250000000      -0.339114668328842     
   3.96899875000000        2.13807625000000      -0.362400479670606     
   3.96899875000000        2.44323000000000      -0.382811124333643     
   3.96899875000000        2.74838375000000      -0.399819827591248     
   3.96899875000000        3.05353750000000      -0.413023011388102     
   3.96899875000000        3.35869125000000      -0.421747252572303     
   3.96899875000000        3.66384500000000      -0.424881008069379     
   3.96899875000000        3.96899875000000      -0.421747508570551     
   3.96899875000000        4.27415250000000      -0.413023437486510     
   3.96899875000000        4.57930625000000      -0.399820297361197     
   3.96899875000000        4.88446000000000      -0.382811387242082     
   3.96899875000000        5.18961375000000      -0.362400533715682     
   3.96899875000000        5.49476750000000      -0.339114434197293     
   3.96899875000000        5.79992125000000      -0.313858897662524     
   3.96899875000000        6.10507500000000      -0.288005644973981     
   3.96899875000000        6.41022875000000      -0.262594776092163     
   3.96899875000000        6.71538250000000      -0.240758729818191     
   3.96899875000000        7.02053625000000      -0.228705237003757     
   3.96899875000000        7.32569000000000      -0.222107610865797     
   4.27415250000000       2.000000000000000E-003 -0.217237709002292     
   4.27415250000000       0.307153750000000      -0.226828003023461     
   4.27415250000000       0.612307500000000      -0.239917406166611     
   4.27415250000000       0.917461250000000      -0.259764049068295     
   4.27415250000000        1.22261500000000      -0.283227042976566     
   4.27415250000000        1.52776875000000      -0.307880716674701     
   4.27415250000000        1.83292250000000      -0.332154163792817     
   4.27415250000000        2.13807625000000      -0.354711229289494     
   4.27415250000000        2.44323000000000      -0.374683619523111     
   4.27415250000000        2.74838375000000      -0.391482963507803     
   4.27415250000000        3.05353750000000      -0.404531917707047     
   4.27415250000000        3.35869125000000      -0.413022952344689     
   4.27415250000000        3.66384500000000      -0.416008345638729     
   4.27415250000000        3.96899875000000      -0.413023466948861     
   4.27415250000000        4.27415250000000      -0.404532724364070     
   4.27415250000000        4.57930625000000      -0.391483734976181     
   4.27415250000000        4.88446000000000      -0.374684083054778     
   4.27415250000000        5.18961375000000      -0.354711036884952     
   4.27415250000000        5.49476750000000      -0.332153307812832     
   4.27415250000000        5.79992125000000      -0.307879253108516     
   4.27415250000000        6.10507500000000      -0.283225001049915     
   4.27415250000000        6.41022875000000      -0.259761291480436     
   4.27415250000000        6.71538250000000      -0.239914648053168     
   4.27415250000000        7.02053625000000      -0.226827037812005     
   4.27415250000000        7.32569000000000      -0.217241255964124     
   4.57930625000000       2.000000000000000E-003 -0.208625848592152     
   4.57930625000000       0.307153750000000      -0.220773357437081     
   4.57930625000000       0.612307500000000      -0.235303615383944     
   4.57930625000000       0.917461250000000      -0.254031088922711     
   4.57930625000000        1.22261500000000      -0.275720596855131     
   4.57930625000000        1.52776875000000      -0.298727392081346     
   4.57930625000000        1.83292250000000      -0.321523530639985     
   4.57930625000000        2.13807625000000      -0.342932795045857     
   4.57930625000000        2.44323000000000      -0.362170682589930     
   4.57930625000000        2.74838375000000      -0.378607170094327     
   4.57930625000000        3.05353750000000      -0.391482949585195     
   4.57930625000000        3.35869125000000      -0.399819823509591     
   4.57930625000000        3.66384500000000      -0.402719783536129     
   4.57930625000000        3.96899875000000      -0.399820358942772     
   4.57930625000000        4.27415250000000      -0.391483769362920     
   4.57930625000000        4.57930625000000      -0.378607882859948     
   4.57930625000000        4.88446000000000      -0.362170819474984     
   4.57930625000000        5.18961375000000      -0.342932034767984     
   4.57930625000000        5.49476750000000      -0.321521909588406     
   4.57930625000000        5.79992125000000      -0.298725102788609     
   4.57930625000000        6.10507500000000      -0.275718032903608     
   4.57930625000000        6.41022875000000      -0.254028610997365     
   4.57930625000000        6.71538250000000      -0.235302101679306     
   4.57930625000000        7.02053625000000      -0.220774358594501     
   4.57930625000000        7.32569000000000      -0.208630511858139     
   4.88446000000000       2.000000000000000E-003 -0.200276609854934     
   4.88446000000000       0.307153750000000      -0.213464066700885     
   4.88446000000000       0.612307500000000      -0.228579015887337     
   4.88446000000000       0.917461250000000      -0.246356081967710     
   4.88446000000000        1.22261500000000      -0.266313833559136     
   4.88446000000000        1.52776875000000      -0.287354796013418     
   4.88446000000000        1.83292250000000      -0.308297557279211     
   4.88446000000000        2.13807625000000      -0.328199965864878     
   4.88446000000000        2.44323000000000      -0.346378211021844     
   4.88446000000000        2.74838375000000      -0.362170700972075     
   4.88446000000000        3.05353750000000      -0.374683622465104     
   4.88446000000000        3.35869125000000      -0.382811108691982     
   4.88446000000000        3.66384500000000      -0.385634196830057     
   4.88446000000000        3.96899875000000      -0.382811481013220     
   4.88446000000000        4.27415250000000      -0.374684154986138     
   4.88446000000000        4.57930625000000      -0.362170859557771     
   4.88446000000000        4.88446000000000      -0.346377620454827     
   4.88446000000000        5.18961375000000      -0.328198375488606     
   4.88446000000000        5.49476750000000      -0.308295059320066     
   4.88446000000000        5.79992125000000      -0.287351782503386     
   4.88446000000000        6.10507500000000      -0.266310911513836     
   4.88446000000000        6.41022875000000      -0.246354079254274     
   4.88446000000000        6.71538250000000      -0.228578791720518     
   4.88446000000000        7.02053625000000      -0.213466546952336     
   4.88446000000000        7.32569000000000      -0.200282157455360     
   5.18961375000000       2.000000000000000E-003 -0.193924369671160     
   5.18961375000000       0.307153750000000      -0.206924252804231     
   5.18961375000000       0.612307500000000      -0.221513368740026     
   5.18961375000000       0.917461250000000      -0.237941703001896     
   5.18961375000000        1.22261500000000      -0.255898128029138     
   5.18961375000000        1.52776875000000      -0.274666239881074     
   5.18961375000000        1.83292250000000      -0.293424991611171     
   5.18961375000000        2.13807625000000      -0.311468545796086     
   5.18961375000000        2.44323000000000      -0.328200024761324     
   5.18961375000000        2.74838375000000      -0.342932882088987     
   5.18961375000000        3.05353750000000      -0.354711355564748     
   5.18961375000000        3.35869125000000      -0.362400637966464     
   5.18961375000000        3.66384500000000      -0.365078738637932     
   5.18961375000000        3.96899875000000      -0.362400662442503     
   5.18961375000000        4.27415250000000      -0.354711151788363     
   5.18961375000000        4.57930625000000      -0.342932121150342     
   5.18961375000000        4.88446000000000      -0.328198421469521     
   5.18961375000000        5.18961375000000      -0.311465955106233     
   5.18961375000000        5.49476750000000      -0.293421651401233     
   5.18961375000000        5.79992125000000      -0.274662591504525     
   5.18961375000000        6.10507500000000      -0.255894913157921     
   5.18961375000000        6.41022875000000      -0.237939772666666     
   5.18961375000000        6.71538250000000      -0.221513648806281     
   5.18961375000000        7.02053625000000      -0.206927483699115     
   5.18961375000000        7.32569000000000      -0.193930682663995     
   5.49476750000000       2.000000000000000E-003 -0.189248621047398     
   5.49476750000000       0.307153750000000      -0.201471745684257     
   5.49476750000000       0.612307500000000      -0.214938403539649     
   5.49476750000000       0.917461250000000      -0.229598755940691     
   5.49476750000000        1.22261500000000      -0.245194107551784     
   5.49476750000000        1.52776875000000      -0.261355046270368     
   5.49476750000000        1.83292250000000      -0.277600073362292     
   5.49476750000000        2.13807625000000      -0.293425093704601     
   5.49476750000000        2.44323000000000      -0.308297744498340     
   5.49476750000000        2.74838375000000      -0.321523773823144     
   5.49476750000000        3.05353750000000      -0.332154470241007     
   5.49476750000000        3.35869125000000      -0.339115068965216     
   5.49476750000000        3.66384500000000      -0.341543972784023     
   5.49476750000000        3.96899875000000      -0.339114609680767     
   5.49476750000000        4.27415250000000      -0.332153479283130     
   5.49476750000000        4.57930625000000      -0.321522053986322     
   5.49476750000000        4.88446000000000      -0.308295158727870     
   5.49476750000000        5.18961375000000      -0.293421699703942     
   5.49476750000000        5.49476750000000      -0.277596102941111     
   5.49476750000000        5.79992125000000      -0.261350931776502     
   5.49476750000000        6.10507500000000      -0.245190452351226     
   5.49476750000000        6.41022875000000      -0.229596341158905     
   5.49476750000000        6.71538250000000      -0.214938298588614     
   5.49476750000000        7.02053625000000      -0.201475074450084     
   5.49476750000000        7.32569000000000      -0.189255889937351     
   5.79992125000000       2.000000000000000E-003 -0.186137965908230     
   5.79992125000000       0.307153750000000      -0.197371529719197     
   5.79992125000000       0.612307500000000      -0.209325971100043     
   5.79992125000000       0.917461250000000      -0.221846417767216     
   5.79992125000000        1.22261500000000      -0.234743691784621     
   5.79992125000000        1.52776875000000      -0.247925170525935     
   5.79992125000000        1.83292250000000      -0.261355169271645     
   5.79992125000000        2.13807625000000      -0.274666469562007     
   5.79992125000000        2.44323000000000      -0.287355140050866     
   5.79992125000000        2.74838375000000      -0.298727842654518     
   5.79992125000000        3.05353750000000      -0.307881287023295     
   5.79992125000000        3.35869125000000      -0.313860095823097     
   5.79992125000000        3.66384500000000      -0.315941210154831     
   5.79992125000000        3.96899875000000      -0.313859146907071     
   5.79992125000000        4.27415250000000      -0.307879510033526     
   5.79992125000000        4.57930625000000      -0.298725328306701     
   5.79992125000000        4.88446000000000      -0.287351948830966     
   5.79992125000000        5.18961375000000      -0.274662691394548     
   5.79992125000000        5.49476750000000      -0.261350973243631     
   5.79992125000000        5.79992125000000      -0.247920728288421     
   5.79992125000000        6.10507500000000      -0.234739137083308     
   5.79992125000000        6.41022875000000      -0.221842183634866     
   5.79992125000000        6.71538250000000      -0.209323514310652     
   5.79992125000000        7.02053625000000      -0.197373396053263     
   5.79992125000000        7.32569000000000      -0.186146032919859     
   6.10507500000000       2.000000000000000E-003 -0.183827895721838     
   6.10507500000000       0.307153750000000      -0.193947099823254     
   6.10507500000000       0.612307500000000      -0.204228449419444     
   6.10507500000000       0.917461250000000      -0.214471187432104     
   6.10507500000000        1.22261500000000      -0.224597148970779     
   6.10507500000000        1.52776875000000      -0.234743809647534     
   6.10507500000000        1.83292250000000      -0.245194377179614     
   6.10507500000000        2.13807625000000      -0.255898542561439     
   6.10507500000000        2.44323000000000      -0.266314396653765     
   6.10507500000000        2.74838375000000      -0.275721317958113     
   6.10507500000000        3.05353750000000      -0.283227946181444     
   6.10507500000000        3.35869125000000      -0.288007651458706     
   6.10507500000000        3.66384500000000      -0.289617238989063     
   6.10507500000000        3.96899875000000      -0.288006012245268     
   6.10507500000000        4.27415250000000      -0.283225395996973     
   6.10507500000000        4.57930625000000      -0.275718377613998     
   6.10507500000000        4.88446000000000      -0.266311163474158     
   6.10507500000000        5.18961375000000      -0.255895067151521     
   6.10507500000000        5.49476750000000      -0.245190523034106     
   6.10507500000000        5.79992125000000      -0.234739151444490     
   6.10507500000000        6.10507500000000      -0.224590789830253     
   6.10507500000000        6.41022875000000      -0.214462897361326     
   6.10507500000000        6.71538250000000      -0.204220498707241     
   6.10507500000000        7.02053625000000      -0.193945149722862     
   6.10507500000000        7.32569000000000      -0.183837308704474     
   6.41022875000000       2.000000000000000E-003 -0.181473098661886     
   6.41022875000000       0.307153750000000      -0.190196707396049     
   6.41022875000000       0.612307500000000      -0.198828588204808     
   6.41022875000000       0.917461250000000      -0.206943674584945     
   6.41022875000000        1.22261500000000      -0.214471303615115     
   6.41022875000000        1.52776875000000      -0.221846644595230     
   6.41022875000000        1.83292250000000      -0.229599168083461     
   6.41022875000000        2.13807625000000      -0.237942338555641     
   6.41022875000000        2.44323000000000      -0.246356926292754     
   6.41022875000000        2.74838375000000      -0.254032135317789     
   6.41022875000000        3.05353750000000      -0.259765363033227     
   6.41022875000000        3.35869125000000      -0.262597939452616     
   6.41022875000000        3.66384500000000      -0.263234060193042     
   6.41022875000000        3.96899875000000      -0.262595385968136     
   6.41022875000000        4.27415250000000      -0.259761906598692     
   6.41022875000000        4.57930625000000      -0.254029127110842     
   6.41022875000000        4.88446000000000      -0.246354430266188     
   6.41022875000000        5.18961375000000      -0.237939972681736     
   6.41022875000000        5.49476750000000      -0.229596414651928     
   6.41022875000000        5.79992125000000      -0.221842187372528     
   6.41022875000000        6.10507500000000      -0.214462913767076     
   6.41022875000000        6.41022875000000      -0.206929663947023     
   6.41022875000000        6.71538250000000      -0.198811219156851     
   6.41022875000000        7.02053625000000      -0.190187271532172     
   6.41022875000000        7.32569000000000      -0.181485738434074     
   6.71538250000000       2.000000000000000E-003 -0.178393385605717     
   6.71538250000000       0.307153750000000      -0.184947288439104     
   6.71538250000000       0.612307500000000      -0.192236221716429     
   6.71538250000000       0.917461250000000      -0.198828842477427     
   6.71538250000000        1.22261500000000      -0.204228741719347     
   6.71538250000000        1.52776875000000      -0.209326331160960     
   6.71538250000000        1.83292250000000      -0.214938961378331     
   6.71538250000000        2.13807625000000      -0.221514234020486     
   6.71538250000000        2.44323000000000      -0.228580186355554     
   6.71538250000000        2.74838375000000      -0.235305063778001     
   6.71538250000000        3.05353750000000      -0.239919162814395     
   6.71538250000000        3.35869125000000      -0.240763022060982     
   6.71538250000000        3.66384500000000      -0.240061635467055     
   6.71538250000000        3.96899875000000      -0.240759684562499     
   6.71538250000000        4.27415250000000      -0.239915507095621     
   6.71538250000000        4.57930625000000      -0.235302774236150     
   6.71538250000000        4.88446000000000      -0.228579225887940     
   6.71538250000000        5.18961375000000      -0.221513864852114     
   6.71538250000000        5.49476750000000      -0.214938333679667     
   6.71538250000000        5.79992125000000      -0.209323497561897     
   6.71538250000000        6.10507500000000      -0.204220577285665     
   6.71538250000000        6.41022875000000      -0.198811405781643     
   6.71538250000000        6.71538250000000      -0.192208695756499     
   6.71538250000000        7.02053625000000      -0.184925377967735     
   6.71538250000000        7.32569000000000      -0.178411499783815     
   7.02053625000000       2.000000000000000E-003 -0.175587247829814     
   7.02053625000000       0.307153750000000      -0.179305679893166     
   7.02053625000000       0.612307500000000      -0.184948007526065     
   7.02053625000000       0.917461250000000      -0.190197357187041     
   7.02053625000000        1.22261500000000      -0.193947603823717     
   7.02053625000000        1.52776875000000      -0.197372043795783     
   7.02053625000000        1.83292250000000      -0.201472476857261     
   7.02053625000000        2.13807625000000      -0.206925376363742     
   7.02053625000000        2.44323000000000      -0.213465625148027     
   7.02053625000000        2.74838375000000      -0.220775282651143     
   7.02053625000000        3.05353750000000      -0.226830215482865     
   7.02053625000000        3.35869125000000      -0.228709523390098     
   7.02053625000000        3.66384500000000      -0.228161274379096     
   7.02053625000000        3.96899875000000      -0.228706548036436     
   7.02053625000000        4.27415250000000      -0.226828032339432     
   7.02053625000000        4.57930625000000      -0.220775056849525     
   7.02053625000000        4.88446000000000      -0.213466988347151     
   7.02053625000000        5.18961375000000      -0.206927666136919     
   7.02053625000000        5.49476750000000      -0.201475042432233     
   7.02053625000000        5.79992125000000      -0.197373335204995     
   7.02053625000000        6.10507500000000      -0.193945274081193     
   7.02053625000000        6.41022875000000      -0.190187740627360     
   7.02053625000000        6.71538250000000      -0.184926046602066     
   7.02053625000000        7.02053625000000      -0.179277277147849     
   7.02053625000000        7.32569000000000      -0.175604859914811     
   7.32569000000000       2.000000000000000E-003 -0.171263110197726     
   7.32569000000000       0.307153750000000      -0.175588176452995     
   7.32569000000000       0.612307500000000      -0.178394651531100     
   7.32569000000000       0.917461250000000      -0.181473944761020     
   7.32569000000000        1.22261500000000      -0.183828498898863     
   7.32569000000000        1.52776875000000      -0.186138593384161     
   7.32569000000000        1.83292250000000      -0.189249509344169     
   7.32569000000000        2.13807625000000      -0.193925743292462     
   7.32569000000000        2.44323000000000      -0.200278582650073     
   7.32569000000000        2.74838375000000      -0.208628450243127     
   7.32569000000000        3.05353750000000      -0.217240832471823     
   7.32569000000000        3.35869125000000      -0.222108624301557     
   7.32569000000000        3.66384500000000      -0.223933531670657     
   7.32569000000000        3.96899875000000      -0.222109021792766     
   7.32569000000000        4.27415250000000      -0.217242185738605     
   7.32569000000000        4.57930625000000      -0.208631119324806     
   7.32569000000000        4.88446000000000      -0.200282506634966     
   7.32569000000000        5.18961375000000      -0.193930789620694     
   7.32569000000000        5.49476750000000      -0.189255780596838     
   7.32569000000000        5.79992125000000      -0.186145888440220     
   7.32569000000000        6.10507500000000      -0.183837337773689     
   7.32569000000000        6.41022875000000      -0.181486162774003     
   7.32569000000000        6.71538250000000      -0.178412389555206     
   7.32569000000000        7.02053625000000      -0.175605542850883     
   7.32569000000000        7.32569000000000      -0.171270414550903     
