  2.000000000000000E-003  2.000000000000000E-003 -0.468581392355141     
  2.000000000000000E-003  0.307153750000000      -0.429909724353705     
  2.000000000000000E-003  0.612307500000000      -0.377246588371001     
  2.000000000000000E-003  0.917461250000000      -0.338577500704552     
  2.000000000000000E-003   1.22261500000000      -0.312111030614560     
  2.000000000000000E-003   1.52776875000000      -0.291842372071724     
  2.000000000000000E-003   1.83292250000000      -0.274027359337758     
  2.000000000000000E-003   2.13807625000000      -0.257241401808830     
  2.000000000000000E-003   2.44323000000000      -0.241695055737265     
  2.000000000000000E-003   2.74838375000000      -0.227345626517006     
  2.000000000000000E-003   3.05353750000000      -0.215459304204191     
  2.000000000000000E-003   3.35869125000000      -0.209090743244936     
  2.000000000000000E-003   3.66384500000000      -0.204321581129087     
  2.000000000000000E-003   3.96899875000000      -0.191623332518325     
  2.000000000000000E-003   4.27415250000000      -0.178544430060644     
  2.000000000000000E-003   4.57930625000000      -0.164139259237731     
  2.000000000000000E-003   4.88446000000000      -0.151905502042274     
  2.000000000000000E-003   5.18961375000000      -0.142914193851128     
  2.000000000000000E-003   5.49476750000000      -0.136525595643979     
  2.000000000000000E-003   5.79992125000000      -0.132769422219834     
  2.000000000000000E-003   6.10507500000000      -0.130835782589003     
  2.000000000000000E-003   6.41022875000000      -0.129627924774120     
  2.000000000000000E-003   6.71538250000000      -0.127957022309805     
  2.000000000000000E-003   7.02053625000000      -0.125875780608265     
  2.000000000000000E-003   7.32569000000000      -0.122792645788541     
  0.307153750000000       2.000000000000000E-003 -0.502251948636124     
  0.307153750000000       0.307153750000000      -0.470337753980277     
  0.307153750000000       0.612307500000000      -0.422793009385328     
  0.307153750000000       0.917461250000000      -0.381255443126526     
  0.307153750000000        1.22261500000000      -0.347865870338777     
  0.307153750000000        1.52776875000000      -0.320591111499617     
  0.307153750000000        1.83292250000000      -0.296880170743673     
  0.307153750000000        2.13807625000000      -0.275371570465827     
  0.307153750000000        2.44323000000000      -0.256354509550822     
  0.307153750000000        2.74838375000000      -0.239105064413663     
  0.307153750000000        3.05353750000000      -0.224326139978676     
  0.307153750000000        3.35869125000000      -0.214580043144181     
  0.307153750000000        3.66384500000000      -0.207919473017104     
  0.307153750000000        3.96899875000000      -0.196207139500526     
  0.307153750000000        4.27415250000000      -0.181850619835630     
  0.307153750000000        4.57930625000000      -0.167330445563838     
  0.307153750000000        4.88446000000000      -0.155038092145952     
  0.307153750000000        5.18961375000000      -0.145744432334467     
  0.307153750000000        5.49476750000000      -0.138984628376573     
  0.307153750000000        5.79992125000000      -0.134773879739356     
  0.307153750000000        6.10507500000000      -0.132310528830170     
  0.307153750000000        6.41022875000000      -0.130512554066701     
  0.307153750000000        6.71538250000000      -0.128200817573648     
  0.307153750000000        7.02053625000000      -0.125661043208249     
  0.307153750000000        7.32569000000000      -0.123753491931460     
  0.612307500000000       2.000000000000000E-003 -0.537826710675070     
  0.612307500000000       0.307153750000000      -0.521538923609931     
  0.612307500000000       0.612307500000000      -0.478901691495438     
  0.612307500000000       0.917461250000000      -0.429056969760650     
  0.612307500000000        1.22261500000000      -0.384709070792011     
  0.612307500000000        1.52776875000000      -0.348216159847884     
  0.612307500000000        1.83292250000000      -0.317847693386739     
  0.612307500000000        2.13807625000000      -0.292078823548565     
  0.612307500000000        2.44323000000000      -0.270095063579018     
  0.612307500000000        2.74838375000000      -0.250679805858991     
  0.612307500000000        3.05353750000000      -0.233849239530127     
  0.612307500000000        3.35869125000000      -0.220553215107765     
  0.612307500000000        3.66384500000000      -0.209585241702677     
  0.612307500000000        3.96899875000000      -0.197152344672488     
  0.612307500000000        4.27415250000000      -0.182937463772747     
  0.612307500000000        4.57930625000000      -0.169161511955123     
  0.612307500000000        4.88446000000000      -0.157516403202518     
  0.612307500000000        5.18961375000000      -0.148358861889986     
  0.612307500000000        5.49476750000000      -0.141439415089352     
  0.612307500000000        5.79992125000000      -0.136701347210765     
  0.612307500000000        6.10507500000000      -0.133542291420963     
  0.612307500000000        6.41022875000000      -0.131045912132436     
  0.612307500000000        6.71538250000000      -0.128371818806854     
  0.612307500000000        7.02053625000000      -0.125416021869772     
  0.612307500000000        7.32569000000000      -0.122317410960956     
  0.917461250000000       2.000000000000000E-003 -0.596730661430249     
  0.917461250000000       0.307153750000000      -0.577729553475482     
  0.917461250000000       0.612307500000000      -0.529150590547926     
  0.917461250000000       0.917461250000000      -0.470311535349711     
  0.917461250000000        1.22261500000000      -0.415987886684008     
  0.917461250000000        1.52776875000000      -0.370984808429821     
  0.917461250000000        1.83292250000000      -0.334796442545168     
  0.917461250000000        2.13807625000000      -0.305735683207252     
  0.917461250000000        2.44323000000000      -0.281256290656761     
  0.917461250000000        2.74838375000000      -0.259869440313578     
  0.917461250000000        3.05353750000000      -0.241164495770234     
  0.917461250000000        3.35869125000000      -0.225014333640178     
  0.917461250000000        3.66384500000000      -0.210686450839441     
  0.917461250000000        3.96899875000000      -0.196801352164747     
  0.917461250000000        4.27415250000000      -0.183072027372649     
  0.917461250000000        4.57930625000000      -0.170440811695340     
  0.917461250000000        4.88446000000000      -0.159624585626269     
  0.917461250000000        5.18961375000000      -0.150765524257290     
  0.917461250000000        5.49476750000000      -0.143798362591469     
  0.917461250000000        5.79992125000000      -0.138544679102464     
  0.917461250000000        6.10507500000000      -0.134624639253052     
  0.917461250000000        6.41022875000000      -0.131343978104722     
  0.917461250000000        6.71538250000000      -0.128132851458707     
  0.917461250000000        7.02053625000000      -0.124693313381315     
  0.917461250000000        7.32569000000000      -0.120958234791081     
   1.22261500000000       2.000000000000000E-003 -0.630245966663808     
   1.22261500000000       0.307153750000000      -0.611034369802897     
   1.22261500000000       0.612307500000000      -0.560705580862054     
   1.22261500000000       0.917461250000000      -0.497963298325083     
   1.22261500000000        1.22261500000000      -0.437693463197457     
   1.22261500000000        1.52776875000000      -0.386973766809184     
   1.22261500000000        1.83292250000000      -0.347058666148124     
   1.22261500000000        2.13807625000000      -0.315403069751292     
   1.22261500000000        2.44323000000000      -0.288846542510498     
   1.22261500000000        2.74838375000000      -0.265749480544213     
   1.22261500000000        3.05353750000000      -0.245422305466963     
   1.22261500000000        3.35869125000000      -0.227517510302468     
   1.22261500000000        3.66384500000000      -0.211499634764499     
   1.22261500000000        3.96899875000000      -0.196893886700486     
   1.22261500000000        4.27415250000000      -0.183614741402780     
   1.22261500000000        4.57930625000000      -0.171804147544658     
   1.22261500000000        4.88446000000000      -0.161578353265800     
   1.22261500000000        5.18961375000000      -0.152986026012925     
   1.22261500000000        5.49476750000000      -0.145952144464247     
   1.22261500000000        5.79992125000000      -0.140251733426441     
   1.22261500000000        6.10507500000000      -0.135586509124800     
   1.22261500000000        6.41022875000000      -0.131496956196802     
   1.22261500000000        6.71538250000000      -0.127605753503670     
   1.22261500000000        7.02053625000000      -0.123702059192942     
   1.22261500000000        7.32569000000000      -0.119738282284516     
   1.52776875000000       2.000000000000000E-003 -0.636370661887934     
   1.52776875000000       0.307153750000000      -0.618398576677341     
   1.52776875000000       0.612307500000000      -0.571177167566847     
   1.52776875000000       0.917461250000000      -0.509395318706532     
   1.52776875000000        1.22261500000000      -0.447918946593891     
   1.52776875000000        1.52776875000000      -0.395598910568713     
   1.52776875000000        1.83292250000000      -0.354166377432340     
   1.52776875000000        2.13807625000000      -0.320535543838144     
   1.52776875000000        2.44323000000000      -0.292426196435441     
   1.52776875000000        2.74838375000000      -0.268266214383548     
   1.52776875000000        3.05353750000000      -0.247111870560553     
   1.52776875000000        3.35869125000000      -0.228446447879099     
   1.52776875000000        3.66384500000000      -0.211933279899243     
   1.52776875000000        3.96899875000000      -0.197316176449293     
   1.52776875000000        4.27415250000000      -0.184423795920123     
   1.52776875000000        4.57930625000000      -0.173135758830423     
   1.52776875000000        4.88446000000000      -0.163349536684521     
   1.52776875000000        5.18961375000000      -0.154961185687389     
   1.52776875000000        5.49476750000000      -0.147830118075808     
   1.52776875000000        5.79992125000000      -0.141746940349042     
   1.52776875000000        6.10507500000000      -0.136439901491380     
   1.52776875000000        6.41022875000000      -0.131640971959817     
   1.52776875000000        6.71538250000000      -0.127146084941910     
   1.52776875000000        7.02053625000000      -0.122861026209240     
   1.52776875000000        7.32569000000000      -0.118775443103654     
   1.83292250000000       2.000000000000000E-003 -0.620336925352875     
   1.83292250000000       0.307153750000000      -0.604438360682618     
   1.83292250000000       0.612307500000000      -0.561049329312301     
   1.83292250000000       0.917461250000000      -0.503861030002520     
   1.83292250000000        1.22261500000000      -0.447302473760615     
   1.83292250000000        1.52776875000000      -0.397489830207609     
   1.83292250000000        1.83292250000000      -0.355523467526863     
   1.83292250000000        2.13807625000000      -0.320762447001411     
   1.83292250000000        2.44323000000000      -0.291881726930494     
   1.83292250000000        2.74838375000000      -0.267468767532843     
   1.83292250000000        3.05353750000000      -0.246392263391313     
   1.83292250000000        3.35869125000000      -0.227926758321704     
   1.83292250000000        3.66384500000000      -0.211674894350489     
   1.83292250000000        3.96899875000000      -0.197414293506160     
   1.83292250000000        4.27415250000000      -0.184970483378076     
   1.83292250000000        4.57930625000000      -0.174152149368262     
   1.83292250000000        4.88446000000000      -0.164746639431572     
   1.83292250000000        5.18961375000000      -0.156541971382639     
   1.83292250000000        5.49476750000000      -0.149337915207479     
   1.83292250000000        5.79992125000000      -0.142941458032458     
   1.83292250000000        6.10507500000000      -0.137167729292986     
   1.83292250000000        6.41022875000000      -0.131859654555895     
   1.83292250000000        6.71538250000000      -0.126927266513207     
   1.83292250000000        7.02053625000000      -0.122370477830570     
   1.83292250000000        7.32569000000000      -0.118200950454257     
   2.13807625000000       2.000000000000000E-003 -0.590250156394409     
   2.13807625000000       0.307153750000000      -0.576402398407447     
   2.13807625000000       0.612307500000000      -0.539827636780319     
   2.13807625000000       0.917461250000000      -0.491112152494992     
   2.13807625000000        1.22261500000000      -0.439887807924679     
   2.13807625000000        1.52776875000000      -0.392149537765918     
   2.13807625000000        1.83292250000000      -0.350659226080301     
   2.13807625000000        2.13807625000000      -0.315988488283985     
   2.13807625000000        2.44323000000000      -0.287409588865552     
   2.13807625000000        2.74838375000000      -0.263636712654769     
   2.13807625000000        3.05353750000000      -0.243405530727067     
   2.13807625000000        3.35869125000000      -0.225803642163955     
   2.13807625000000        3.66384500000000      -0.210324083916146     
   2.13807625000000        3.96899875000000      -0.196729703928402     
   2.13807625000000        4.27415250000000      -0.184869373070055     
   2.13807625000000        4.57930625000000      -0.174555536217800     
   2.13807625000000        4.88446000000000      -0.165538410382627     
   2.13807625000000        5.18961375000000      -0.157547507809999     
   2.13807625000000        5.49476750000000      -0.150346883622889     
   2.13807625000000        5.79992125000000      -0.143766007574663     
   2.13807625000000        6.10507500000000      -0.137703209029055     
   2.13807625000000        6.41022875000000      -0.132115897420290     
   2.13807625000000        6.71538250000000      -0.127002980214946     
   2.13807625000000        7.02053625000000      -0.122371557128323     
   2.13807625000000        7.32569000000000      -0.118193858473627     
   2.44323000000000       2.000000000000000E-003 -0.574670176701585     
   2.44323000000000       0.307153750000000      -0.560236082338333     
   2.44323000000000       0.612307500000000      -0.522448042253868     
   2.44323000000000       0.917461250000000      -0.474455795161191     
   2.44323000000000        1.22261500000000      -0.425207602256430     
   2.44323000000000        1.52776875000000      -0.379537172629040     
   2.44323000000000        1.83292250000000      -0.339815659340388     
   2.44323000000000        2.13807625000000      -0.306691903002841     
   2.44323000000000        2.44323000000000      -0.279596778594918     
   2.44323000000000        2.74838375000000      -0.257306459311605     
   2.44323000000000        3.05353750000000      -0.238506522693125     
   2.44323000000000        3.35869125000000      -0.222190990412332     
   2.44323000000000        3.66384500000000      -0.207790780269441     
   2.44323000000000        3.96899875000000      -0.195067284626673     
   2.44323000000000        4.27415250000000      -0.183906392423695     
   2.44323000000000        4.57930625000000      -0.174153686069443     
   2.44323000000000        4.88446000000000      -0.165562286494301     
   2.44323000000000        5.18961375000000      -0.157841748752099     
   2.44323000000000        5.49476750000000      -0.150745789553546     
   2.44323000000000        5.79992125000000      -0.144132308328991     
   2.44323000000000        6.10507500000000      -0.137970669294657     
   2.44323000000000        6.41022875000000      -0.132310010010351     
   2.44323000000000        6.71538250000000      -0.127227424490950     
   2.44323000000000        7.02053625000000      -0.122747623777957     
   2.44323000000000        7.32569000000000      -0.118731775114896     
   2.74838375000000       2.000000000000000E-003 -0.556973056459967     
   2.74838375000000       0.307153750000000      -0.542913178628954     
   2.74838375000000       0.612307500000000      -0.504738963947369     
   2.74838375000000       0.917461250000000      -0.453803264428201     
   2.74838375000000        1.22261500000000      -0.404273660563069     
   2.74838375000000        1.52776875000000      -0.361047874436262     
   2.74838375000000        1.83292250000000      -0.324348519454544     
   2.74838375000000        2.13807625000000      -0.294045102084732     
   2.74838375000000        2.44323000000000      -0.269391434606797     
   2.74838375000000        2.74838375000000      -0.249189682628850     
   2.74838375000000        3.05353750000000      -0.232173306958276     
   2.74838375000000        3.35869125000000      -0.217357623372937     
   2.74838375000000        3.66384500000000      -0.204184997195170     
   2.74838375000000        3.96899875000000      -0.192442527100551     
   2.74838375000000        4.27415250000000      -0.182057341630631     
   2.74838375000000        4.57930625000000      -0.172913124353578     
   2.74838375000000        4.88446000000000      -0.164783034196300     
   2.74838375000000        5.18961375000000      -0.157383801742950     
   2.74838375000000        5.49476750000000      -0.150482236944162     
   2.74838375000000        5.79992125000000      -0.143970786399657     
   2.74838375000000        6.10507500000000      -0.137875660830137     
   2.74838375000000        6.41022875000000      -0.132316536562421     
   2.74838375000000        6.71538250000000      -0.127475980246791     
   2.74838375000000        7.02053625000000      -0.123431182863591     
   2.74838375000000        7.32569000000000      -0.119847927666562     
   3.05353750000000       2.000000000000000E-003 -0.526845975752016     
   3.05353750000000       0.307153750000000      -0.514158336051284     
   3.05353750000000       0.612307500000000      -0.477586792700812     
   3.05353750000000       0.917461250000000      -0.428128392166328     
   3.05353750000000        1.22261500000000      -0.379439701336250     
   3.05353750000000        1.52776875000000      -0.339214679651869     
   3.05353750000000        1.83292250000000      -0.306357686011704     
   3.05353750000000        2.13807625000000      -0.279591107122347     
   3.05353750000000        2.44323000000000      -0.257859275276580     
   3.05353750000000        2.74838375000000      -0.240002138272592     
   3.05353750000000        3.05353750000000      -0.224882735121224     
   3.05353750000000        3.35869125000000      -0.211623265106506     
   3.05353750000000        3.66384500000000      -0.199727007423562     
   3.05353750000000        3.96899875000000      -0.189016314219194     
   3.05353750000000        4.27415250000000      -0.179449437552983     
   3.05353750000000        4.57930625000000      -0.170939433156168     
   3.05353750000000        4.88446000000000      -0.163285142782415     
   3.05353750000000        5.18961375000000      -0.156230385126318     
   3.05353750000000        5.49476750000000      -0.149575713733396     
   3.05353750000000        5.79992125000000      -0.143253362558263     
   3.05353750000000        6.10507500000000      -0.137327485141927     
   3.05353750000000        6.41022875000000      -0.131959386402496     
   3.05353750000000        6.71538250000000      -0.127451403893753     
   3.05353750000000        7.02053625000000      -0.124016845383988     
   3.05353750000000        7.32569000000000      -0.121140984957509     
   3.35869125000000       2.000000000000000E-003 -0.490416488220081     
   3.35869125000000       0.307153750000000      -0.480941581113116     
   3.35869125000000       0.612307500000000      -0.446375044963185     
   3.35869125000000       0.917461250000000      -0.398362911381232     
   3.35869125000000        1.22261500000000      -0.352828884337473     
   3.35869125000000        1.52776875000000      -0.316421696567090     
   3.35869125000000        1.83292250000000      -0.287737115690434     
   3.35869125000000        2.13807625000000      -0.264635077235186     
   3.35869125000000        2.44323000000000      -0.245844314132802     
   3.35869125000000        2.74838375000000      -0.230294564771373     
   3.35869125000000        3.05353750000000      -0.217022542986697     
   3.35869125000000        3.35869125000000      -0.205290159037051     
   3.35869125000000        3.66384500000000      -0.194671313135654     
   3.35869125000000        3.96899875000000      -0.185010878116954     
   3.35869125000000        4.27415250000000      -0.176278477328949     
   3.35869125000000        4.57930625000000      -0.168404253866661     
   3.35869125000000        4.88446000000000      -0.161215774357710     
   3.35869125000000        5.18961375000000      -0.154499343464559     
   3.35869125000000        5.49476750000000      -0.148104796406719     
   3.35869125000000        5.79992125000000      -0.142007619695831     
   3.35869125000000        6.10507500000000      -0.136290136213258     
   3.35869125000000        6.41022875000000      -0.131120048508944     
   3.35869125000000        6.71538250000000      -0.126849957295565     
   3.35869125000000        7.02053625000000      -0.123950909277404     
   3.35869125000000        7.32569000000000      -0.121738591929387     
   3.66384500000000       2.000000000000000E-003 -0.449926511887366     
   3.66384500000000       0.307153750000000      -0.442808184019551     
   3.66384500000000       0.612307500000000      -0.410427896752218     
   3.66384500000000       0.917461250000000      -0.365986862732214     
   3.66384500000000        1.22261500000000      -0.325401792174129     
   3.66384500000000        1.52776875000000      -0.293817906000371     
   3.66384500000000        1.83292250000000      -0.269414210212600     
   3.66384500000000        2.13807625000000      -0.249819844976481     
   3.66384500000000        2.44323000000000      -0.233788316336764     
   3.66384500000000        2.74838375000000      -0.220405294972807     
   3.66384500000000        3.05353750000000      -0.208886384142939     
   3.66384500000000        3.35869125000000      -0.198625065536727     
   3.66384500000000        3.66384500000000      -0.189256265657638     
   3.66384500000000        3.96899875000000      -0.180634199259497     
   3.66384500000000        4.27415250000000      -0.172724559184453     
   3.66384500000000        4.57930625000000      -0.165466073730612     
   3.66384500000000        4.88446000000000      -0.158718501404431     
   3.66384500000000        5.18961375000000      -0.152320573028077     
   3.66384500000000        5.49476750000000      -0.146179051459642     
   3.66384500000000        5.79992125000000      -0.140313464265235     
   3.66384500000000        6.10507500000000      -0.134823364694328     
   3.66384500000000        6.41022875000000      -0.129884465648896     
   3.66384500000000        6.71538250000000      -0.125862979831199     
   3.66384500000000        7.02053625000000      -0.123362602213101     
   3.66384500000000        7.32569000000000      -0.121691206051226     
   3.96899875000000       2.000000000000000E-003 -0.388813777037544     
   3.96899875000000       0.307153750000000      -0.385403357968233     
   3.96899875000000       0.612307500000000      -0.362916479712291     
   3.96899875000000       0.917461250000000      -0.328936571691224     
   3.96899875000000        1.22261500000000      -0.296782380950893     
   3.96899875000000        1.52776875000000      -0.271317535040495     
   3.96899875000000        1.83292250000000      -0.251396045982031     
   3.96899875000000        2.13807625000000      -0.235225913004951     
   3.96899875000000        2.44323000000000      -0.221853372910207     
   3.96899875000000        2.74838375000000      -0.210565703281480     
   3.96899875000000        3.05353750000000      -0.200739440467491     
   3.96899875000000        3.35869125000000      -0.191882908058877     
   3.96899875000000        3.66384500000000      -0.183694412201219     
   3.96899875000000        3.96899875000000      -0.176048193588384     
   3.96899875000000        4.27415250000000      -0.168908801774930     
   3.96899875000000        4.57930625000000      -0.162224501739873     
   3.96899875000000        4.88446000000000      -0.155890430246347     
   3.96899875000000        5.18961375000000      -0.149798241157722     
   3.96899875000000        5.49476750000000      -0.143907212045128     
   3.96899875000000        5.79992125000000      -0.138274715061413     
   3.96899875000000        6.10507500000000      -0.133024577467882     
   3.96899875000000        6.41022875000000      -0.128373038046717     
   3.96899875000000        6.71538250000000      -0.124711671562792     
   3.96899875000000        7.02053625000000      -0.122347246219310     
   3.96899875000000        7.32569000000000      -0.120210794276506     
   4.27415250000000       2.000000000000000E-003 -0.325668465534653     
   4.27415250000000       0.307153750000000      -0.322566389796961     
   4.27415250000000       0.612307500000000      -0.309628719820040     
   4.27415250000000       0.917461250000000      -0.288866043528998     
   4.27415250000000        1.22261500000000      -0.267181258141674     
   4.27415250000000        1.52776875000000      -0.248741508557378     
   4.27415250000000        1.83292250000000      -0.233531279323600     
   4.27415250000000        2.13807625000000      -0.220875374562267     
   4.27415250000000        2.44323000000000      -0.210220461797176     
   4.27415250000000        2.74838375000000      -0.201046448711817     
   4.27415250000000        3.05353750000000      -0.192868697389914     
   4.27415250000000        3.35869125000000      -0.185312990065531     
   4.27415250000000        3.66384500000000      -0.178168386987297     
   4.27415250000000        3.96899875000000      -0.171364275766126     
   4.27415250000000        4.27415250000000      -0.164890543928041     
   4.27415250000000        4.57930625000000      -0.158717592292988     
   4.27415250000000        4.88446000000000      -0.152775313266787     
   4.27415250000000        5.18961375000000      -0.146996450106626     
   4.27415250000000        5.49476750000000      -0.141374301791766     
   4.27415250000000        5.79992125000000      -0.135985577686841     
   4.27415250000000        6.10507500000000      -0.130968796309048     
   4.27415250000000        6.41022875000000      -0.126527876148649     
   4.27415250000000        6.71538250000000      -0.123013402453074     
   4.27415250000000        7.02053625000000      -0.120471096015943     
   4.27415250000000        7.32569000000000      -0.118064883271941     
   4.57930625000000       2.000000000000000E-003 -0.269973447182820     
   4.57930625000000       0.307153750000000      -0.268287054589864     
   4.57930625000000       0.612307500000000      -0.262147746815702     
   4.57930625000000       0.917461250000000      -0.251536904878498     
   4.57930625000000        1.22261500000000      -0.238859303194218     
   4.57930625000000        1.52776875000000      -0.226804160747356     
   4.57930625000000        1.83292250000000      -0.216237825361220     
   4.57930625000000        2.13807625000000      -0.207156540840699     
   4.57930625000000        2.44323000000000      -0.199266513113543     
   4.57930625000000        2.74838375000000      -0.192177878183530     
   4.57930625000000        3.05353750000000      -0.185530382565713     
   4.57930625000000        3.35869125000000      -0.179090494214515     
   4.57930625000000        3.66384500000000      -0.172780176708866     
   4.57930625000000        3.96899875000000      -0.166627540761392     
   4.57930625000000        4.27415250000000      -0.160681514472842     
   4.57930625000000        4.57930625000000      -0.154948372375840     
   4.57930625000000        4.88446000000000      -0.149385902684561     
   4.57930625000000        5.18961375000000      -0.143947470844312     
   4.57930625000000        5.49476750000000      -0.138634531679485     
   4.57930625000000        5.79992125000000      -0.133517609848628     
   4.57930625000000        6.10507500000000      -0.128720576260306     
   4.57930625000000        6.41022875000000      -0.124395185028590     
   4.57930625000000        6.71538250000000      -0.120741699289285     
   4.57930625000000        7.02053625000000      -0.117755310656463     
   4.57930625000000        7.32569000000000      -0.114913020320694     
   4.88446000000000       2.000000000000000E-003 -0.229340488004898     
   4.88446000000000       0.307153750000000      -0.228830950698765     
   4.88446000000000       0.612307500000000      -0.226375579165387     
   4.88446000000000       0.917461250000000      -0.220972753597237     
   4.88446000000000        1.22261500000000      -0.214010278452148     
   4.88446000000000        1.52776875000000      -0.206973957621977     
   4.88446000000000        1.83292250000000      -0.200540970220509     
   4.88446000000000        2.13807625000000      -0.194776976896676     
   4.88446000000000        2.44323000000000      -0.189437633974901     
   4.88446000000000        2.74838375000000      -0.184198160773106     
   4.88446000000000        3.05353750000000      -0.178818525715869     
   4.88446000000000        3.35869125000000      -0.173227864293847     
   4.88446000000000        3.66384500000000      -0.167509899749351     
   4.88446000000000        3.96899875000000      -0.161816494142124     
   4.88446000000000        4.27415250000000      -0.156271477417347     
   4.88446000000000        4.57930625000000      -0.150918824826492     
   4.88446000000000        4.88446000000000      -0.145732772116106     
   4.88446000000000        5.18961375000000      -0.140668806540993     
   4.88446000000000        5.49476750000000      -0.135716269672824     
   4.88446000000000        5.79992125000000      -0.130920061601724     
   4.88446000000000        6.10507500000000      -0.126368785780607     
   4.88446000000000        6.41022875000000      -0.122167301638885     
   4.88446000000000        6.71538250000000      -0.118402294045687     
   4.88446000000000        7.02053625000000      -0.115072076622821     
   4.88446000000000        7.32569000000000      -0.111979926333046     
   5.18961375000000       2.000000000000000E-003 -0.202355712068058     
   5.18961375000000       0.307153750000000      -0.201882584387925     
   5.18961375000000       0.612307500000000      -0.200268370249046     
   5.18961375000000       0.917461250000000      -0.197517516485098     
   5.18961375000000        1.22261500000000      -0.194136922606213     
   5.18961375000000        1.52776875000000      -0.190699580632639     
   5.18961375000000        1.83292250000000      -0.187454629660334     
   5.18961375000000        2.13807625000000      -0.184295590857273     
   5.18961375000000        2.44323000000000      -0.180924949464264     
   5.18961375000000        2.74838375000000      -0.177057888615534     
   5.18961375000000        3.05353750000000      -0.172572937899759     
   5.18961375000000        3.35869125000000      -0.167556897250630     
   5.18961375000000        3.66384500000000      -0.162241334870718     
   5.18961375000000        3.96899875000000      -0.156883622950109     
   5.18961375000000        4.27415250000000      -0.151666209048684     
   5.18961375000000        4.57930625000000      -0.146659109672422     
   5.18961375000000        4.88446000000000      -0.141845623012103     
   5.18961375000000        5.18961375000000      -0.137179108562304     
   5.18961375000000        5.49476750000000      -0.132633061473912     
   5.18961375000000        5.79992125000000      -0.128221454120184     
   5.18961375000000        6.10507500000000      -0.123991366369511     
   5.18961375000000        6.41022875000000      -0.120003438430169     
   5.18961375000000        6.71538250000000      -0.116309446317824     
   5.18961375000000        7.02053625000000      -0.112925724568440     
   5.18961375000000        7.32569000000000      -0.109814329280010     
   5.49476750000000       2.000000000000000E-003 -0.183381419440517     
   5.49476750000000       0.307153750000000      -0.183039402175083     
   5.49476750000000       0.612307500000000      -0.182210803778335     
   5.49476750000000       0.917461250000000      -0.181078081775669     
   5.49476750000000        1.22261500000000      -0.179817848057422     
   5.49476750000000        1.52776875000000      -0.178554607899095     
   5.49476750000000        1.83292250000000      -0.177254628535935     
   5.49476750000000        2.13807625000000      -0.175664924821080     
   5.49476750000000        2.44323000000000      -0.173452853052429     
   5.49476750000000        2.74838375000000      -0.170384821328958     
   5.49476750000000        3.05353750000000      -0.166443623111491     
   5.49476750000000        3.35869125000000      -0.161829342517613     
   5.49476750000000        3.66384500000000      -0.156856980932289     
   5.49476750000000        3.96899875000000      -0.151824192831988     
   5.49476750000000        4.27415250000000      -0.146927156868936     
   5.49476750000000        4.57930625000000      -0.142247474995839     
   5.49476750000000        4.88446000000000      -0.137786217135460     
   5.49476750000000        5.18961375000000      -0.133512392862854     
   5.49476750000000        5.49476750000000      -0.129399387257451     
   5.49476750000000        5.79992125000000      -0.125438418809473     
   5.49476750000000        6.10507500000000      -0.121634867890737     
   5.49476750000000        6.41022875000000      -0.117999163254276     
   5.49476750000000        6.71538250000000      -0.114552516249148     
   5.49476750000000        7.02053625000000      -0.111336313940033     
   5.49476750000000        7.32569000000000      -0.108364828237489     
   5.79992125000000       2.000000000000000E-003 -0.173177522284232     
   5.79992125000000       0.307153750000000      -0.172784918619884     
   5.79992125000000       0.612307500000000      -0.171829219093182     
   5.79992125000000       0.917461250000000      -0.170851172818195     
   5.79992125000000        1.22261500000000      -0.170210837482043     
   5.79992125000000        1.52776875000000      -0.169822807804078     
   5.79992125000000        1.83292250000000      -0.169247598792516     
   5.79992125000000        2.13807625000000      -0.168211985662166     
   5.79992125000000        2.44323000000000      -0.166418860983542     
   5.79992125000000        2.74838375000000      -0.163701897674127     
   5.79992125000000        3.05353750000000      -0.160112930973493     
   5.79992125000000        3.35869125000000      -0.155895645431651     
   5.79992125000000        3.66384500000000      -0.151358303183448     
   5.79992125000000        3.96899875000000      -0.146742861337693     
   5.79992125000000        4.27415250000000      -0.142198939341977     
   5.79992125000000        4.57930625000000      -0.137818589911468     
   5.79992125000000        4.88446000000000      -0.133654607264656     
   5.79992125000000        5.18961375000000      -0.129730308781352     
   5.79992125000000        5.49476750000000      -0.126047585472831     
   5.79992125000000        5.79992125000000      -0.122591003236942     
   5.79992125000000        6.10507500000000      -0.119329102184114     
   5.79992125000000        6.41022875000000      -0.116230496989797     
   5.79992125000000        6.71538250000000      -0.113257109344487     
   5.79992125000000        7.02053625000000      -0.110391125211470     
   5.79992125000000        7.32569000000000      -0.107626352985392     
   6.10507500000000       2.000000000000000E-003 -0.169143188758170     
   6.10507500000000       0.307153750000000      -0.168462962718651     
   6.10507500000000       0.612307500000000      -0.166777612752015     
   6.10507500000000       0.917461250000000      -0.164956804177034     
   6.10507500000000        1.22261500000000      -0.163664854883682     
   6.10507500000000        1.52776875000000      -0.162933171066933     
   6.10507500000000        1.83292250000000      -0.162244569838812     
   6.10507500000000        2.13807625000000      -0.161105887254724     
   6.10507500000000        2.44323000000000      -0.159313483774554     
   6.10507500000000        2.74838375000000      -0.156759791582980     
   6.10507500000000        3.05353750000000      -0.153511552506389     
   6.10507500000000        3.35869125000000      -0.149809127829170     
   6.10507500000000        3.66384500000000      -0.145914195908651     
   6.10507500000000        3.96899875000000      -0.141880851101647     
   6.10507500000000        4.27415250000000      -0.137714438612340     
   6.10507500000000        4.57930625000000      -0.133557628244336     
   6.10507500000000        4.88446000000000      -0.129586258741313     
   6.10507500000000        5.18961375000000      -0.125927047781434     
   6.10507500000000        5.49476750000000      -0.122635840038346     
   6.10507500000000        5.79992125000000      -0.119705610451383     
   6.10507500000000        6.10507500000000      -0.117103100675323     
   6.10507500000000        6.41022875000000      -0.114679822204150     
   6.10507500000000        6.71538250000000      -0.112302365819297     
   6.10507500000000        7.02053625000000      -0.109885695842725     
   6.10507500000000        7.32569000000000      -0.107370909116455     
   6.41022875000000       2.000000000000000E-003 -0.166950547576928     
   6.41022875000000       0.307153750000000      -0.166024231787514     
   6.41022875000000       0.612307500000000      -0.163539079184914     
   6.41022875000000       0.917461250000000      -0.160581710104814     
   6.41022875000000        1.22261500000000      -0.158203352495311     
   6.41022875000000        1.52776875000000      -0.156599999382064     
   6.41022875000000        1.83292250000000      -0.155362951268741     
   6.41022875000000        2.13807625000000      -0.153932685119790     
   6.41022875000000        2.44323000000000      -0.152086303633841     
   6.41022875000000        2.74838375000000      -0.149723131325743     
   6.41022875000000        3.05353750000000      -0.146834602650839     
   6.41022875000000        3.35869125000000      -0.143765646478455     
   6.41022875000000        3.66384500000000      -0.140790243004671     
   6.41022875000000        3.96899875000000      -0.137591170997212     
   6.41022875000000        4.27415250000000      -0.133796929801721     
   6.41022875000000        4.57930625000000      -0.129674817966930     
   6.41022875000000        4.88446000000000      -0.125732513390136     
   6.41022875000000        5.18961375000000      -0.122218667259528     
   6.41022875000000        5.49476750000000      -0.119239575663810     
   6.41022875000000        5.79992125000000      -0.116836150736517     
   6.41022875000000        6.10507500000000      -0.114919351695379     
   6.41022875000000        6.41022875000000      -0.113205358023398     
   6.41022875000000        6.71538250000000      -0.111458747072379     
   6.41022875000000        7.02053625000000      -0.109558065720572     
   6.41022875000000        7.32569000000000      -0.107385144384588     
   6.71538250000000       2.000000000000000E-003 -0.162193325213515     
   6.71538250000000       0.307153750000000      -0.161354266244861     
   6.71538250000000       0.612307500000000      -0.158931483741778     
   6.71538250000000       0.917461250000000      -0.155610098448835     
   6.71538250000000        1.22261500000000      -0.152564359826306     
   6.71538250000000        1.52776875000000      -0.150278312926809     
   6.71538250000000        1.83292250000000      -0.148509335658522     
   6.71538250000000        2.13807625000000      -0.146899748732650     
   6.71538250000000        2.44323000000000      -0.145154479660243     
   6.71538250000000        2.74838375000000      -0.143059086417065     
   6.71538250000000        3.05353750000000      -0.140545859507929     
   6.71538250000000        3.35869125000000      -0.138251659782409     
   6.71538250000000        3.66384500000000      -0.136563358477771     
   6.71538250000000        3.96899875000000      -0.134414643147897     
   6.71538250000000        4.27415250000000      -0.130851141688244     
   6.71538250000000        4.57930625000000      -0.126413006955193     
   6.71538250000000        4.88446000000000      -0.122216425312983     
   6.71538250000000        5.18961375000000      -0.118713758302233     
   6.71538250000000        5.49476750000000      -0.115950810667360     
   6.71538250000000        5.79992125000000      -0.114041616058828     
   6.71538250000000        6.10507500000000      -0.112758646119804     
   6.71538250000000        6.41022875000000      -0.111695566542710     
   6.71538250000000        6.71538250000000      -0.110447153655918     
   6.71538250000000        7.02053625000000      -0.109017746154919     
   6.71538250000000        7.32569000000000      -0.107441400578135     
   7.02053625000000       2.000000000000000E-003 -0.158131229870898     
   7.02053625000000       0.307153750000000      -0.155761753588267     
   7.02053625000000       0.612307500000000      -0.152752224338066     
   7.02053625000000       0.917461250000000      -0.149642421789349     
   7.02053625000000        1.22261500000000      -0.146582911823997     
   7.02053625000000        1.52776875000000      -0.144108743046930     
   7.02053625000000        1.83292250000000      -0.142130180882452     
   7.02053625000000        2.13807625000000      -0.140514705868770     
   7.02053625000000        2.44323000000000      -0.139029956997992     
   7.02053625000000        2.74838375000000      -0.137325552042890     
   7.02053625000000        3.05353750000000      -0.135475167323156     
   7.02053625000000        3.35869125000000      -0.134393414859137     
   7.02053625000000        3.66384500000000      -0.134200362641574     
   7.02053625000000        3.96899875000000      -0.132458193210067     
   7.02053625000000        4.27415250000000      -0.128725241194735     
   7.02053625000000        4.57930625000000      -0.123719153757505     
   7.02053625000000        4.88446000000000      -0.119053771691202     
   7.02053625000000        5.18961375000000      -0.115472229965804     
   7.02053625000000        5.49476750000000      -0.112880504200142     
   7.02053625000000        5.79992125000000      -0.111379632314325     
   7.02053625000000        6.10507500000000      -0.110623353185425     
   7.02053625000000        6.41022875000000      -0.110135978848206     
   7.02053625000000        6.71538250000000      -0.109317338987376     
   7.02053625000000        7.02053625000000      -0.108219119394547     
   7.02053625000000        7.32569000000000      -0.107399817130327     
   7.32569000000000       2.000000000000000E-003 -0.153721590698058     
   7.32569000000000       0.307153750000000      -0.152995176046596     
   7.32569000000000       0.612307500000000      -0.148032005856068     
   7.32569000000000       0.917461250000000      -0.143895375632735     
   7.32569000000000        1.22261500000000      -0.140770702372214     
   7.32569000000000        1.52776875000000      -0.138413875305506     
   7.32569000000000        1.83292250000000      -0.136530880797811     
   7.32569000000000        2.13807625000000      -0.135055849776463     
   7.32569000000000        2.44323000000000      -0.133859038993349     
   7.32569000000000        2.74838375000000      -0.132762237115465     
   7.32569000000000        3.05353750000000      -0.132026325533780     
   7.32569000000000        3.35869125000000      -0.132327956705491     
   7.32569000000000        3.66384500000000      -0.132270315882036     
   7.32569000000000        3.96899875000000      -0.129831496290516     
   7.32569000000000        4.27415250000000      -0.126231377922651     
   7.32569000000000        4.57930625000000      -0.120916325071952     
   7.32569000000000        4.88446000000000      -0.116040195351765     
   7.32569000000000        5.18961375000000      -0.112475949797751     
   7.32569000000000        5.49476750000000      -0.110078524559225     
   7.32569000000000        5.79992125000000      -0.108859666189839     
   7.32569000000000        6.10507500000000      -0.108457146288907     
   7.32569000000000        6.41022875000000      -0.108429899083551     
   7.32569000000000        6.71538250000000      -0.108256703708417     
   7.32569000000000        7.02053625000000      -0.107659864503318     
   7.32569000000000        7.32569000000000      -0.105790464523006     
