  2.000000000000000E-003  2.000000000000000E-003 -0.247082342134662     
  2.000000000000000E-003  0.307153750000000      -0.244712496675056     
  2.000000000000000E-003  0.612307500000000      -0.235219588872139     
  2.000000000000000E-003  0.917461250000000      -0.226614172553664     
  2.000000000000000E-003   1.22261500000000      -0.218788622195241     
  2.000000000000000E-003   1.52776875000000      -0.211412637238097     
  2.000000000000000E-003   1.83292250000000      -0.204321163091903     
  2.000000000000000E-003   2.13807625000000      -0.197696816397113     
  2.000000000000000E-003   2.44323000000000      -0.191360348427963     
  2.000000000000000E-003   2.74838375000000      -0.185351582458880     
  2.000000000000000E-003   3.05353750000000      -0.180275120088854     
  2.000000000000000E-003   3.35869125000000      -0.177363613734724     
  2.000000000000000E-003   3.66384500000000      -0.174624116615351     
  2.000000000000000E-003   3.96899875000000      -0.168073885815332     
  2.000000000000000E-003   4.27415250000000      -0.160635435651416     
  2.000000000000000E-003   4.57930625000000      -0.151385230722471     
  2.000000000000000E-003   4.88446000000000      -0.143073698275020     
  2.000000000000000E-003   5.18961375000000      -0.136777090004963     
  2.000000000000000E-003   5.49476750000000      -0.132232784895037     
  2.000000000000000E-003   5.79992125000000      -0.129427751016544     
  2.000000000000000E-003   6.10507500000000      -0.127837700215212     
  2.000000000000000E-003   6.41022875000000      -0.126800213129350     
  2.000000000000000E-003   6.71538250000000      -0.125561582158112     
  2.000000000000000E-003   7.02053625000000      -0.123873641883783     
  2.000000000000000E-003   7.32569000000000      -0.120958166852205     
  0.307153750000000       2.000000000000000E-003 -0.264167726083379     
  0.307153750000000       0.307153750000000      -0.259826305851599     
  0.307153750000000       0.612307500000000      -0.252249763638014     
  0.307153750000000       0.917461250000000      -0.243895415235294     
  0.307153750000000        1.22261500000000      -0.235000873206658     
  0.307153750000000        1.52776875000000      -0.226346437529525     
  0.307153750000000        1.83292250000000      -0.218042400420332     
  0.307153750000000        2.13807625000000      -0.210173283961644     
  0.307153750000000        2.44323000000000      -0.202507354308991     
  0.307153750000000        2.74838375000000      -0.194839100819104     
  0.307153750000000        3.05353750000000      -0.187477968354826     
  0.307153750000000        3.35869125000000      -0.181788884047211     
  0.307153750000000        3.66384500000000      -0.177734700704543     
  0.307153750000000        3.96899875000000      -0.171736910630598     
  0.307153750000000        4.27415250000000      -0.163887268242031     
  0.307153750000000        4.57930625000000      -0.154960124060906     
  0.307153750000000        4.88446000000000      -0.146842619859567     
  0.307153750000000        5.18961375000000      -0.140435818367298     
  0.307153750000000        5.49476750000000      -0.135585298056586     
  0.307153750000000        5.79992125000000      -0.132354982022237     
  0.307153750000000        6.10507500000000      -0.130234727682802     
  0.307153750000000        6.41022875000000      -0.128523770226390     
  0.307153750000000        6.71538250000000      -0.126420488950268     
  0.307153750000000        7.02053625000000      -0.124251000975955     
  0.307153750000000        7.32569000000000      -0.122539024881058     
  0.612307500000000       2.000000000000000E-003 -0.283468316020768     
  0.612307500000000       0.307153750000000      -0.281148112303253     
  0.612307500000000       0.612307500000000      -0.274060017289811     
  0.612307500000000       0.917461250000000      -0.263966570841157     
  0.612307500000000        1.22261500000000      -0.253268510988946     
  0.612307500000000        1.52776875000000      -0.243061947556934     
  0.612307500000000        1.83292250000000      -0.233363269123752     
  0.612307500000000        2.13807625000000      -0.224047483675257     
  0.612307500000000        2.44323000000000      -0.214945355535993     
  0.612307500000000        2.74838375000000      -0.205860190725043     
  0.612307500000000        3.05353750000000      -0.196790679546532     
  0.612307500000000        3.35869125000000      -0.188516082930710     
  0.612307500000000        3.66384500000000      -0.181512565074516     
  0.612307500000000        3.96899875000000      -0.174539102782202     
  0.612307500000000        4.27415250000000      -0.166583634456927     
  0.612307500000000        4.57930625000000      -0.158191814104801     
  0.612307500000000        4.88446000000000      -0.150557944181903     
  0.612307500000000        5.18961375000000      -0.144171946120086     
  0.612307500000000        5.49476750000000      -0.139062960361290     
  0.612307500000000        5.79992125000000      -0.135291007618860     
  0.612307500000000        6.10507500000000      -0.132498566369625     
  0.612307500000000        6.41022875000000      -0.130108227456762     
  0.612307500000000        6.71538250000000      -0.127615825563007     
  0.612307500000000        7.02053625000000      -0.125080296801335     
  0.612307500000000        7.32569000000000      -0.122250628169180     
  0.917461250000000       2.000000000000000E-003 -0.307593824799863     
  0.917461250000000       0.307153750000000      -0.304784358472456     
  0.917461250000000       0.612307500000000      -0.296716171031042     
  0.917461250000000       0.917461250000000      -0.285351721946104     
  0.917461250000000        1.22261500000000      -0.273149275667306     
  0.917461250000000        1.52776875000000      -0.261288664812046     
  0.917461250000000        1.83292250000000      -0.249872769952882     
  0.917461250000000        2.13807625000000      -0.238868210206760     
  0.917461250000000        2.44323000000000      -0.228159459065732     
  0.917461250000000        2.74838375000000      -0.217594874615466     
  0.917461250000000        3.05353750000000      -0.207124589074982     
  0.917461250000000        3.35869125000000      -0.197033387900792     
  0.917461250000000        3.66384500000000      -0.187702661391065     
  0.917461250000000        3.96899875000000      -0.178917528447103     
  0.917461250000000        4.27415250000000      -0.170310858932763     
  0.917461250000000        4.57930625000000      -0.162076116992790     
  0.917461250000000        4.88446000000000      -0.154581059895710     
  0.917461250000000        5.18961375000000      -0.148065681539225     
  0.917461250000000        5.49476750000000      -0.142632221313244     
  0.917461250000000        5.79992125000000      -0.138239790612654     
  0.917461250000000        6.10507500000000      -0.134687962526382     
  0.917461250000000        6.41022875000000      -0.131561360515723     
  0.917461250000000        6.71538250000000      -0.128526431103496     
  0.917461250000000        7.02053625000000      -0.125373266322003     
  0.917461250000000        7.32569000000000      -0.121869688789193     
   1.22261500000000       2.000000000000000E-003 -0.335468522327607     
   1.22261500000000       0.307153750000000      -0.332180200241961     
   1.22261500000000       0.612307500000000      -0.323089679865977     
   1.22261500000000       0.917461250000000      -0.310211851315911     
   1.22261500000000        1.22261500000000      -0.295849213678052     
   1.22261500000000        1.52776875000000      -0.281434755199966     
   1.22261500000000        1.83292250000000      -0.267461804141053     
   1.22261500000000        2.13807625000000      -0.254217508491261     
   1.22261500000000        2.44323000000000      -0.241558174532745     
   1.22261500000000        2.74838375000000      -0.229234100404067     
   1.22261500000000        3.05353750000000      -0.217190200107127     
   1.22261500000000        3.35869125000000      -0.205583655771235     
   1.22261500000000        3.66384500000000      -0.194637039853081     
   1.22261500000000        3.96899875000000      -0.184494125820777     
   1.22261500000000        4.27415250000000      -0.175167676512893     
   1.22261500000000        4.57930625000000      -0.166620599852277     
   1.22261500000000        4.88446000000000      -0.158897870604493     
   1.22261500000000        5.18961375000000      -0.152084383843429     
   1.22261500000000        5.49476750000000      -0.146196989588243     
   1.22261500000000        5.79992125000000      -0.141148865451480     
   1.22261500000000        6.10507500000000      -0.136787738340505     
   1.22261500000000        6.41022875000000      -0.132846547926044     
   1.22261500000000        6.71538250000000      -0.129089213470095     
   1.22261500000000        7.02053625000000      -0.125344942523000     
   1.22261500000000        7.32569000000000      -0.121519327671028     
   1.52776875000000       2.000000000000000E-003 -0.378127007980909     
   1.52776875000000       0.307153750000000      -0.373700103426208     
   1.52776875000000       0.612307500000000      -0.361507729248841     
   1.52776875000000       0.917461250000000      -0.344223809077920     
   1.52776875000000        1.22261500000000      -0.324743927970421     
   1.52776875000000        1.52776875000000      -0.305146099018544     
   1.52776875000000        1.83292250000000      -0.286689917462860     
   1.52776875000000        2.13807625000000      -0.269986731571531     
   1.52776875000000        2.44323000000000      -0.254705922753953     
   1.52776875000000        2.74838375000000      -0.240324726188101     
   1.52776875000000        3.05353750000000      -0.226568711914672     
   1.52776875000000        3.35869125000000      -0.213494060922305     
   1.52776875000000        3.66384500000000      -0.201323662715166     
   1.52776875000000        3.96899875000000      -0.190237098866027     
   1.52776875000000        4.27415250000000      -0.180263145341132     
   1.52776875000000        4.57930625000000      -0.171311980250003     
   1.52776875000000        4.88446000000000      -0.163274383673744     
   1.52776875000000        5.18961375000000      -0.156075561986591     
   1.52776875000000        5.49476750000000      -0.149659234234435     
   1.52776875000000        5.79992125000000      -0.143945953566669     
   1.52776875000000        6.10507500000000      -0.138808153655037     
   1.52776875000000        6.41022875000000      -0.134092007121382     
   1.52776875000000        6.71538250000000      -0.129663006485195     
   1.52776875000000        7.02053625000000      -0.125436019079092     
   1.52776875000000        7.32569000000000      -0.121387214076571     
   1.83292250000000       2.000000000000000E-003 -0.449926511887372     
   1.83292250000000       0.307153750000000      -0.442570904356369     
   1.83292250000000       0.612307500000000      -0.422813193650086     
   1.83292250000000       0.917461250000000      -0.395142230861931     
   1.83292250000000        1.22261500000000      -0.364328471368037     
   1.83292250000000        1.52776875000000      -0.334664277223700     
   1.83292250000000        1.83292250000000      -0.308567463782517     
   1.83292250000000        2.13807625000000      -0.286420037460665     
   1.83292250000000        2.44323000000000      -0.267424087305216     
   1.83292250000000        2.74838375000000      -0.250520992675258     
   1.83292250000000        3.05353750000000      -0.234985178746094     
   1.83292250000000        3.35869125000000      -0.220583522712292     
   1.83292250000000        3.66384500000000      -0.207402833176309     
   1.83292250000000        3.96899875000000      -0.195572512300497     
   1.83292250000000        4.27415250000000      -0.185083425067871     
   1.83292250000000        4.57930625000000      -0.175771511549526     
   1.83292250000000        4.88446000000000      -0.167412343790156     
   1.83292250000000        5.18961375000000      -0.159821316694979     
   1.83292250000000        5.49476750000000      -0.152890110921489     
   1.83292250000000        5.79992125000000      -0.146558199776781     
   1.83292250000000        6.10507500000000      -0.140765604935884     
   1.83292250000000        6.41022875000000      -0.135431001958557     
   1.83292250000000        6.71538250000000      -0.130480031916197     
   1.83292250000000        7.02053625000000      -0.125892080869136     
   1.83292250000000        7.32569000000000      -0.121663798734035     
   2.13807625000000       2.000000000000000E-003 -0.568699552164032     
   2.13807625000000       0.307153750000000      -0.554877566809004     
   2.13807625000000       0.612307500000000      -0.518140868596900     
   2.13807625000000       0.917461250000000      -0.468970839940979     
   2.13807625000000        1.22261500000000      -0.417951781446946     
   2.13807625000000        1.52776875000000      -0.372050132867228     
   2.13807625000000        1.83292250000000      -0.334083966005630     
   2.13807625000000        2.13807625000000      -0.303871278872305     
   2.13807625000000        2.44323000000000      -0.279720010084679     
   2.13807625000000        2.74838375000000      -0.259662740904848     
   2.13807625000000        3.05353750000000      -0.242215018635462     
   2.13807625000000        3.35869125000000      -0.226609991788651     
   2.13807625000000        3.66384500000000      -0.212619905144329     
   2.13807625000000        3.96899875000000      -0.200218010398247     
   2.13807625000000        4.27415250000000      -0.189318411471680     
   2.13807625000000        4.57930625000000      -0.179694347853630     
   2.13807625000000        4.88446000000000      -0.171044583527788     
   2.13807625000000        5.18961375000000      -0.163109612668452     
   2.13807625000000        5.49476750000000      -0.155744643170296     
   2.13807625000000        5.79992125000000      -0.148911058409255     
   2.13807625000000        6.10507500000000      -0.142617644334568     
   2.13807625000000        6.41022875000000      -0.136868337380104     
   2.13807625000000        6.71538250000000      -0.131643521677018     
   2.13807625000000        7.02053625000000      -0.126900185614584     
   2.13807625000000        7.32569000000000      -0.122573863209238     
   2.44323000000000       2.000000000000000E-003 -0.756554757421940     
   2.44323000000000       0.307153750000000      -0.729413263399907     
   2.44323000000000       0.612307500000000      -0.659322959060589     
   2.44323000000000       0.917461250000000      -0.572099767420479     
   2.44323000000000        1.22261500000000      -0.488391926399957     
   2.44323000000000        1.52776875000000      -0.418115087920715     
   2.44323000000000        1.83292250000000      -0.363382634343268     
   2.44323000000000        2.13807625000000      -0.322313961922761     
   2.44323000000000        2.44323000000000      -0.291543414047943     
   2.44323000000000        2.74838375000000      -0.267696946531148     
   2.44323000000000        3.05353750000000      -0.248190295351913     
   2.44323000000000        3.35869125000000      -0.231474502243767     
   2.44323000000000        3.66384500000000      -0.216836948136809     
   2.44323000000000        3.96899875000000      -0.204000579052913     
   2.44323000000000        4.27415250000000      -0.192775317703047     
   2.44323000000000        4.57930625000000      -0.182888314452612     
   2.44323000000000        4.88446000000000      -0.173996098256094     
   2.44323000000000        5.18961375000000      -0.165793221107712     
   2.44323000000000        5.49476750000000      -0.158109580793332     
   2.44323000000000        5.79992125000000      -0.150923171302862     
   2.44323000000000        6.10507500000000      -0.144299878517343     
   2.44323000000000        6.41022875000000      -0.138319503101091     
   2.44323000000000        6.71538250000000      -0.133024896787571     
   2.44323000000000        7.02053625000000      -0.128365136945405     
   2.44323000000000        7.32569000000000      -0.124117745582594     
   2.74838375000000       2.000000000000000E-003  -1.02688919462380     
   2.74838375000000       0.307153750000000      -0.980875599467125     
   2.74838375000000       0.612307500000000      -0.860642886438831     
   2.74838375000000       0.917461250000000      -0.709837173489812     
   2.74838375000000        1.22261500000000      -0.574572758377913     
   2.74838375000000        1.52776875000000      -0.470645813359673     
   2.74838375000000        1.83292250000000      -0.394779929455750     
   2.74838375000000        2.13807625000000      -0.340808686770912     
   2.74838375000000        2.44323000000000      -0.302495660576240     
   2.74838375000000        2.74838375000000      -0.274519995631189     
   2.74838375000000        3.05353750000000      -0.252920472183295     
   2.74838375000000        3.35869125000000      -0.235192322460057     
   2.74838375000000        3.66384500000000      -0.220031895264944     
   2.74838375000000        3.96899875000000      -0.206863379668650     
   2.74838375000000        4.27415250000000      -0.195382511220860     
   2.74838375000000        4.57930625000000      -0.185283487586483     
   2.74838375000000        4.88446000000000      -0.176203863021044     
   2.74838375000000        5.18961375000000      -0.167814178740075     
   2.74838375000000        5.49476750000000      -0.159927562677668     
   2.74838375000000        5.79992125000000      -0.152530344594833     
   2.74838375000000        6.10507500000000      -0.145727584925437     
   2.74838375000000        6.41022875000000      -0.139668118175744     
   2.74838375000000        6.71538250000000      -0.134522421772521     
   2.74838375000000        7.02053625000000      -0.130259790862087     
   2.74838375000000        7.32569000000000      -0.126365515160512     
   3.05353750000000       2.000000000000000E-003  -1.33511386648702     
   3.05353750000000       0.307153750000000       -1.27031961922657     
   3.05353750000000       0.612307500000000       -1.09315892332683     
   3.05353750000000       0.917461250000000      -0.868893984112077     
   3.05353750000000        1.22261500000000      -0.667066735934890     
   3.05353750000000        1.52776875000000      -0.522698521718236     
   3.05353750000000        1.83292250000000      -0.424184288693829     
   3.05353750000000        2.13807625000000      -0.357275057792808     
   3.05353750000000        2.44323000000000      -0.311694567127563     
   3.05353750000000        2.74838375000000      -0.279864054206851     
   3.05353750000000        3.05353750000000      -0.256388052197384     
   3.05353750000000        3.35869125000000      -0.237807076628062     
   3.05353750000000        3.66384500000000      -0.222240597305336     
   3.05353750000000        3.96899875000000      -0.208829165057695     
   3.05353750000000        4.27415250000000      -0.197161685107929     
   3.05353750000000        4.57930625000000      -0.186906383249984     
   3.05353750000000        4.88446000000000      -0.177695426229619     
   3.05353750000000        5.18961375000000      -0.169189999410116     
   3.05353750000000        5.49476750000000      -0.161192914099153     
   3.05353750000000        5.79992125000000      -0.153689220577077     
   3.05353750000000        6.10507500000000      -0.146795577813053     
   3.05353750000000        6.41022875000000      -0.140714400106366     
   3.05353750000000        6.71538250000000      -0.135777932969176     
   3.05353750000000        7.02053625000000      -0.132066004200859     
   3.05353750000000        7.32569000000000      -0.128781223695387     
   3.35869125000000       2.000000000000000E-003  -1.57585160655396     
   3.35869125000000       0.307153750000000       -1.50405391479595     
   3.35869125000000       0.612307500000000       -1.28910760395149     
   3.35869125000000       0.917461250000000       -1.00123338072681     
   3.35869125000000        1.22261500000000      -0.743665477375329     
   3.35869125000000        1.52776875000000      -0.562552235895496     
   3.35869125000000        1.83292250000000      -0.445662336462365     
   3.35869125000000        2.13807625000000      -0.368884451798108     
   3.35869125000000        2.44323000000000      -0.317943521553008     
   3.35869125000000        2.74838375000000      -0.283328589747675     
   3.35869125000000        3.05353750000000      -0.258522533818499     
   3.35869125000000        3.35869125000000      -0.239351851726312     
   3.35869125000000        3.66384500000000      -0.223517057188017     
   3.35869125000000        3.96899875000000      -0.209958961088586     
   3.35869125000000        4.27415250000000      -0.198181603336310     
   3.35869125000000        4.57930625000000      -0.187831317888903     
   3.35869125000000        4.88446000000000      -0.178542960167182     
   3.35869125000000        5.18961375000000      -0.169977293039860     
   3.35869125000000        5.49476750000000      -0.161930776411196     
   3.35869125000000        5.79992125000000      -0.154380553550602     
   3.35869125000000        6.10507500000000      -0.147423805435225     
   3.35869125000000        6.41022875000000      -0.141281354404949     
   3.35869125000000        6.71538250000000      -0.136341439026201     
   3.35869125000000        7.02053625000000      -0.132976550772557     
   3.35869125000000        7.32569000000000      -0.130190920155763     
   3.66384500000000       2.000000000000000E-003  -1.76385315821488     
   3.66384500000000       0.307153750000000       -1.59574794584137     
   3.66384500000000       0.612307500000000       -1.36609102478722     
   3.66384500000000       0.917461250000000       -1.05342436348033     
   3.66384500000000        1.22261500000000      -0.773796496614565     
   3.66384500000000        1.52776875000000      -0.577711422981036     
   3.66384500000000        1.83292250000000      -0.453607060451803     
   3.66384500000000        2.13807625000000      -0.373100068968229     
   3.66384500000000        2.44323000000000      -0.320173422679577     
   3.66384500000000        2.74838375000000      -0.284537713768817     
   3.66384500000000        3.05353750000000      -0.259246791977013     
   3.66384500000000        3.35869125000000      -0.239861309344901     
   3.66384500000000        3.66384500000000      -0.223930102477543     
   3.66384500000000        3.96899875000000      -0.210324784215698     
   3.66384500000000        4.27415250000000      -0.198513038155674     
   3.66384500000000        4.57930625000000      -0.188131136720548     
   3.66384500000000        4.88446000000000      -0.178816969107543     
   3.66384500000000        5.18961375000000      -0.170232765302807     
   3.66384500000000        5.49476750000000      -0.162172528809991     
   3.66384500000000        5.79992125000000      -0.154608600817000     
   3.66384500000000        6.10507500000000      -0.147623705075561     
   3.66384500000000        6.41022875000000      -0.141426806760454     
   3.66384500000000        6.71538250000000      -0.136393438434169     
   3.66384500000000        7.02053625000000      -0.133127551755669     
   3.66384500000000        7.32569000000000      -0.130902558144306     
   3.96899875000000       2.000000000000000E-003  -1.57585574130936     
   3.96899875000000       0.307153750000000       -1.50408530277116     
   3.96899875000000       0.612307500000000       -1.28913995692021     
   3.96899875000000       0.917461250000000       -1.00125758420919     
   3.96899875000000        1.22261500000000      -0.743681598717870     
   3.96899875000000        1.52776875000000      -0.562563126903623     
   3.96899875000000        1.83292250000000      -0.445670370589865     
   3.96899875000000        2.13807625000000      -0.368890834916289     
   3.96899875000000        2.44323000000000      -0.317949132046524     
   3.96899875000000        2.74838375000000      -0.283334148595187     
   3.96899875000000        3.05353750000000      -0.258528448880146     
   3.96899875000000        3.35869125000000      -0.239358199028633     
   3.96899875000000        3.66384500000000      -0.223523678083819     
   3.96899875000000        3.96899875000000      -0.209965487292778     
   3.96899875000000        4.27415250000000      -0.198187645107995     
   3.96899875000000        4.57930625000000      -0.187836566230699     
   3.96899875000000        4.88446000000000      -0.178547144490724     
   3.96899875000000        5.18961375000000      -0.169980294961989     
   3.96899875000000        5.49476750000000      -0.161932574922618     
   3.96899875000000        5.79992125000000      -0.154381085601285     
   3.96899875000000        6.10507500000000      -0.147422422040131     
   3.96899875000000        6.41022875000000      -0.141276866748652     
   3.96899875000000        6.71538250000000      -0.136333609365215     
   3.96899875000000        7.02053625000000      -0.132968139200289     
   3.96899875000000        7.32569000000000      -0.130190083852452     
   4.27415250000000       2.000000000000000E-003  -1.33512039787057     
   4.27415250000000       0.307153750000000       -1.27035403388257     
   4.27415250000000       0.612307500000000       -1.09320106656784     
   4.27415250000000       0.917461250000000      -0.868929327553865     
   4.27415250000000        1.22261500000000      -0.667091857079925     
   4.27415250000000        1.52776875000000      -0.522716827408347     
   4.27415250000000        1.83292250000000      -0.424198325292719     
   4.27415250000000        2.13807625000000      -0.357286472555622     
   4.27415250000000        2.44323000000000      -0.311704938371114     
   4.27415250000000        2.74838375000000      -0.279874589304988     
   4.27415250000000        3.05353750000000      -0.256399443793671     
   4.27415250000000        3.35869125000000      -0.237819424018644     
   4.27415250000000        3.66384500000000      -0.222253438043837     
   4.27415250000000        3.96899875000000      -0.208841839524524     
   4.27415250000000        4.27415250000000      -0.197173505378061     
   4.27415250000000        4.57930625000000      -0.186916766457678     
   4.27415250000000        4.88446000000000      -0.177703958772307     
   4.27415250000000        5.18961375000000      -0.169196527745694     
   4.27415250000000        5.49476750000000      -0.161197416342289     
   4.27415250000000        5.79992125000000      -0.153691739319272     
   4.27415250000000        6.10507500000000      -0.146795616013114     
   4.27415250000000        6.41022875000000      -0.140710527985935     
   4.27415250000000        6.71538250000000      -0.135770670658846     
   4.27415250000000        7.02053625000000      -0.132059307125538     
   4.27415250000000        7.32569000000000      -0.128781450709762     
   4.57930625000000       2.000000000000000E-003  -1.02689538791799     
   4.57930625000000       0.307153750000000      -0.980903586500246     
   4.57930625000000       0.612307500000000      -0.860679569110515     
   4.57930625000000       0.917461250000000      -0.709870564712222     
   4.57930625000000        1.22261500000000      -0.574599490946288     
   4.57930625000000        1.52776875000000      -0.470666890355378     
   4.57930625000000        1.83292250000000      -0.394796746325781     
   4.57930625000000        2.13807625000000      -0.340822982260213     
   4.57930625000000        2.44323000000000      -0.302509254385614     
   4.57930625000000        2.74838375000000      -0.274534448169603     
   4.57930625000000        3.05353750000000      -0.252936450133299     
   4.57930625000000        3.35869125000000      -0.235209738080594     
   4.57930625000000        3.66384500000000      -0.220050046764620     
   4.57930625000000        3.96899875000000      -0.206881338790170     
   4.57930625000000        4.27415250000000      -0.195399446529371     
   4.57930625000000        4.57930625000000      -0.185298709547437     
   4.57930625000000        4.88446000000000      -0.176216990059493     
   4.57930625000000        5.18961375000000      -0.167825013134098     
   4.57930625000000        5.49476750000000      -0.159936173633570     
   4.57930625000000        5.79992125000000      -0.152536864699310     
   4.57930625000000        6.10507500000000      -0.145732041296807     
   4.57930625000000        6.41022875000000      -0.139670047024344     
   4.57930625000000        6.71538250000000      -0.134522148801596     
   4.57930625000000        7.02053625000000      -0.130260443127309     
   4.57930625000000        7.32569000000000      -0.126370629945196     
   4.88446000000000       2.000000000000000E-003 -0.756559017008200     
   4.88446000000000       0.307153750000000      -0.729432168455949     
   4.88446000000000       0.612307500000000      -0.659349138359658     
   4.88446000000000       0.917461250000000      -0.572126461440446     
   4.88446000000000        1.22261500000000      -0.488415726507988     
   4.88446000000000        1.52776875000000      -0.418134874213866     
   4.88446000000000        1.83292250000000      -0.363399044696001     
   4.88446000000000        2.13807625000000      -0.322328671981637     
   4.88446000000000        2.44323000000000      -0.291558403842301     
   4.88446000000000        2.74838375000000      -0.267713748057217     
   4.88446000000000        3.05353750000000      -0.248209415384132     
   4.88446000000000        3.35869125000000      -0.231495510973325     
   4.88446000000000        3.66384500000000      -0.216858862024765     
   4.88446000000000        3.96899875000000      -0.204022378280720     
   4.88446000000000        4.27415250000000      -0.192796198007922     
   4.88446000000000        4.57930625000000      -0.182907742941222     
   4.88446000000000        4.88446000000000      -0.174013762119603     
   4.88446000000000        5.18961375000000      -0.165809013967294     
   4.88446000000000        5.49476750000000      -0.158123483369507     
   4.88446000000000        5.79992125000000      -0.150935363197838     
   4.88446000000000        6.10507500000000      -0.144310594231967     
   4.88446000000000        6.41022875000000      -0.138329066873956     
   4.88446000000000        6.71538250000000      -0.133033865822831     
   4.88446000000000        7.02053625000000      -0.128374808401030     
   4.88446000000000        7.32569000000000      -0.124129729837935     
   5.18961375000000       2.000000000000000E-003 -0.568701732633337     
   5.18961375000000       0.307153750000000      -0.554889715547467     
   5.18961375000000       0.612307500000000      -0.518159259889175     
   5.18961375000000       0.917461250000000      -0.468991047833795     
   5.18961375000000        1.22261500000000      -0.417970440096610     
   5.18961375000000        1.52776875000000      -0.372065944076132     
   5.18961375000000        1.83292250000000      -0.334097514213135     
   5.18961375000000        2.13807625000000      -0.303884381956424     
   5.18961375000000        2.44323000000000      -0.279734676495408     
   5.18961375000000        2.74838375000000      -0.259680255665860     
   5.18961375000000        3.05353750000000      -0.242235497162655     
   5.18961375000000        3.35869125000000      -0.226632630191033     
   5.18961375000000        3.66384500000000      -0.212643586255851     
   5.18961375000000        3.96899875000000      -0.200241786635382     
   5.18961375000000        4.27415250000000      -0.189341750065922     
   5.18961375000000        4.57930625000000      -0.179717042298758     
   5.18961375000000        4.88446000000000      -0.171066503859603     
   5.18961375000000        5.18961375000000      -0.163130588492488     
   5.18961375000000        5.49476750000000      -0.155764500550607     
   5.18961375000000        5.79992125000000      -0.148929720515715     
   5.18961375000000        6.10507500000000      -0.142635315621439     
   5.18961375000000        6.41022875000000      -0.136885443766259     
   5.18961375000000        6.71538250000000      -0.131660696035798     
   5.18961375000000        7.02053625000000      -0.126918199984455     
   5.18961375000000        7.32569000000000      -0.122593198309898     
   5.49476750000000       2.000000000000000E-003 -0.449927380931099     
   5.49476750000000       0.307153750000000      -0.442579437496981     
   5.49476750000000       0.612307500000000      -0.422826690459767     
   5.49476750000000       0.917461250000000      -0.395157022673387     
   5.49476750000000        1.22261500000000      -0.364341832993253     
   5.49476750000000        1.52776875000000      -0.334675297377070     
   5.49476750000000        1.83292250000000      -0.308577263719742     
   5.49476750000000        2.13807625000000      -0.286430638666842     
   5.49476750000000        2.44323000000000      -0.267437512370407     
   5.49476750000000        2.74838375000000      -0.250538094683885     
   5.49476750000000        3.05353750000000      -0.235005483022659     
   5.49476750000000        3.35869125000000      -0.220605810095832     
   5.49476750000000        3.66384500000000      -0.207425957087585     
   5.49476750000000        3.96899875000000      -0.195596143258696     
   5.49476750000000        4.27415250000000      -0.185107654625586     
   5.49476750000000        4.57930625000000      -0.175796490998882     
   5.49476750000000        4.88446000000000      -0.167437983130461     
   5.49476750000000        5.18961375000000      -0.159847190580697     
   5.49476750000000        5.49476750000000      -0.152915701504172     
   5.49476750000000        5.79992125000000      -0.146583155011386     
   5.49476750000000        6.10507500000000      -0.140789892054344     
   5.49476750000000        6.41022875000000      -0.135454972088984     
   5.49476750000000        6.71538250000000      -0.130504324311274     
   5.49476750000000        7.02053625000000      -0.125917412172532     
   5.49476750000000        7.32569000000000      -0.121690608078395     
   5.79992125000000       2.000000000000000E-003 -0.378127151813843     
   5.79992125000000       0.307153750000000      -0.373708123009192     
   5.79992125000000       0.612307500000000      -0.361520256960917     
   5.79992125000000       0.917461250000000      -0.344236135787599     
   5.79992125000000        1.22261500000000      -0.324753354313506     
   5.79992125000000        1.52776875000000      -0.305153074000910     
   5.79992125000000        1.83292250000000      -0.286696447177080     
   5.79992125000000        2.13807625000000      -0.269995287448275     
   5.79992125000000        2.44323000000000      -0.254718392041844     
   5.79992125000000        2.74838375000000      -0.240341394989964     
   5.79992125000000        3.05353750000000      -0.226588218939615     
   5.79992125000000        3.35869125000000      -0.213514388098532     
   5.79992125000000        3.66384500000000      -0.201344014215490     
   5.79992125000000        3.96899875000000      -0.190258370380165     
   5.79992125000000        4.27415250000000      -0.180286704893409     
   5.79992125000000        4.57930625000000      -0.171338358638166     
   5.79992125000000        4.88446000000000      -0.163303130777797     
   5.79992125000000        5.18961375000000      -0.156105701854113     
   5.79992125000000        5.49476750000000      -0.149689775526084     
   5.79992125000000        5.79992125000000      -0.143976125203971     
   5.79992125000000        6.10507500000000      -0.138837841081901     
   5.79992125000000        6.41022875000000      -0.134120874296260     
   5.79992125000000        6.71538250000000      -0.129691687616718     
   5.79992125000000        7.02053625000000      -0.125466732182641     
   5.79992125000000        7.32569000000000      -0.121421617753196     
   6.10507500000000       2.000000000000000E-003 -0.335468302808582     
   6.10507500000000       0.307153750000000      -0.332193098258441     
   6.10507500000000       0.612307500000000      -0.323108823840457     
   6.10507500000000       0.917461250000000      -0.310228425482896     
   6.10507500000000        1.22261500000000      -0.295858850858783     
   6.10507500000000        1.52776875000000      -0.281439421062498     
   6.10507500000000        1.83292250000000      -0.267466489342098     
   6.10507500000000        2.13807625000000      -0.254225572857024     
   6.10507500000000        2.44323000000000      -0.241571624912763     
   6.10507500000000        2.74838375000000      -0.229252392002118     
   6.10507500000000        3.05353750000000      -0.217210043668669     
   6.10507500000000        3.35869125000000      -0.205600807768789     
   6.10507500000000        3.66384500000000      -0.194651169723293     
   6.10507500000000        3.96899875000000      -0.184509793600236     
   6.10507500000000        4.27415250000000      -0.175189074726983     
   6.10507500000000        4.57930625000000      -0.166647967755911     
   6.10507500000000        4.88446000000000      -0.158929441718772     
   6.10507500000000        5.18961375000000      -0.152118122452043     
   6.10507500000000        5.49476750000000      -0.146231225711795     
   6.10507500000000        5.79992125000000      -0.141182671569633     
   6.10507500000000        6.10507500000000      -0.136819883232235     
   6.10507500000000        6.41022875000000      -0.132875857481304     
   6.10507500000000        6.71538250000000      -0.129117249947188     
   6.10507500000000        7.02053625000000      -0.125378020159770     
   6.10507500000000        7.32569000000000      -0.121562650344016     
   6.41022875000000       2.000000000000000E-003 -0.307593727023242     
   6.41022875000000       0.307153750000000      -0.304811710574252     
   6.41022875000000       0.612307500000000      -0.296754232870202     
   6.41022875000000       0.917461250000000      -0.285381058656087     
   6.41022875000000        1.22261500000000      -0.273163837752607     
   6.41022875000000        1.52776875000000      -0.261293545448045     
   6.41022875000000        1.83292250000000      -0.249877235460170     
   6.41022875000000        2.13807625000000      -0.238878189158878     
   6.41022875000000        2.44323000000000      -0.228177516161837     
   6.41022875000000        2.74838375000000      -0.217620101014246     
   6.41022875000000        3.05353750000000      -0.207150165540741     
   6.41022875000000        3.35869125000000      -0.197049850899728     
   6.41022875000000        3.66384500000000      -0.187709574260645     
   6.41022875000000        3.96899875000000      -0.178926011687606     
   6.41022875000000        4.27415250000000      -0.170329828261269     
   6.41022875000000        4.57930625000000      -0.162105373670545     
   6.41022875000000        4.88446000000000      -0.154615888482795     
   6.41022875000000        5.18961375000000      -0.148102548553278     
   6.41022875000000        5.49476750000000      -0.142668953062615     
   6.41022875000000        5.79992125000000      -0.138274998415150     
   6.41022875000000        6.10507500000000      -0.134719706434962     
   6.41022875000000        6.41022875000000      -0.131587542105327     
   6.41022875000000        6.71538250000000      -0.128548225945284     
   6.41022875000000        7.02053625000000      -0.125403932562064     
   6.41022875000000        7.32569000000000      -0.121925215435613     
   6.71538250000000       2.000000000000000E-003 -0.283468348666839     
   6.71538250000000       0.307153750000000      -0.281204059533557     
   6.71538250000000       0.612307500000000      -0.274128798534925     
   6.71538250000000       0.917461250000000      -0.264011549140451     
   6.71538250000000        1.22261500000000      -0.253287639560627     
   6.71538250000000        1.52776875000000      -0.243067206163110     
   6.71538250000000        1.83292250000000      -0.233368015977105     
   6.71538250000000        2.13807625000000      -0.224061347524991     
   6.71538250000000        2.44323000000000      -0.214972516147707     
   6.71538250000000        2.74838375000000      -0.205901324184594     
   6.71538250000000        3.05353750000000      -0.196834663776981     
   6.71538250000000        3.35869125000000      -0.188543264905562     
   6.71538250000000        3.66384500000000      -0.181519188506618     
   6.71538250000000        3.96899875000000      -0.174548141903415     
   6.71538250000000        4.27415250000000      -0.166607638839677     
   6.71538250000000        4.57930625000000      -0.158226978486408     
   6.71538250000000        4.88446000000000      -0.150597344599907     
   6.71538250000000        5.18961375000000      -0.144211617483863     
   6.71538250000000        5.49476750000000      -0.139101003423828     
   6.71538250000000        5.79992125000000      -0.135326270107791     
   6.71538250000000        6.10507500000000      -0.132530147499039     
   6.71538250000000        6.41022875000000      -0.130134283065438     
   6.71538250000000        6.71538250000000      -0.127633272871720     
   6.71538250000000        7.02053625000000      -0.125102302919245     
   6.71538250000000        7.32569000000000      -0.122320642159889     
   7.02053625000000       2.000000000000000E-003 -0.264167678549482     
   7.02053625000000       0.307153750000000      -0.259909048368092     
   7.02053625000000       0.612307500000000      -0.252326285599977     
   7.02053625000000       0.917461250000000      -0.243933756889148     
   7.02053625000000        1.22261500000000      -0.235012713170770     
   7.02053625000000        1.52776875000000      -0.226347443585416     
   7.02053625000000        1.83292250000000      -0.218046411515645     
   7.02053625000000        2.13807625000000      -0.210191247769675     
   7.02053625000000        2.44323000000000      -0.202546118667663     
   7.02053625000000        2.74838375000000      -0.194902074393572     
   7.02053625000000        3.05353750000000      -0.187553964484585     
   7.02053625000000        3.35869125000000      -0.181846284410916     
   7.02053625000000        3.66384500000000      -0.177758836224186     
   7.02053625000000        3.96899875000000      -0.171767765266652     
   7.02053625000000        4.27415250000000      -0.163928949301671     
   7.02053625000000        4.57930625000000      -0.155005943113680     
   7.02053625000000        4.88446000000000      -0.146887624629606     
   7.02053625000000        5.18961375000000      -0.140477584060960     
   7.02053625000000        5.49476750000000      -0.135623594458964     
   7.02053625000000        5.79992125000000      -0.132390039430761     
   7.02053625000000        6.10507500000000      -0.130268910753497     
   7.02053625000000        6.41022875000000      -0.128560975630131     
   7.02053625000000        6.71538250000000      -0.126458905628079     
   7.02053625000000        7.02053625000000      -0.124275065119180     
   7.02053625000000        7.32569000000000      -0.122605365024163     
   7.32569000000000       2.000000000000000E-003 -0.247081672415210     
   7.32569000000000       0.307153750000000      -0.244696877903969     
   7.32569000000000       0.612307500000000      -0.235204781456924     
   7.32569000000000       0.917461250000000      -0.226602082520753     
   7.32569000000000        1.22261500000000      -0.218776392224171     
   7.32569000000000        1.52776875000000      -0.211403313517508     
   7.32569000000000        1.83292250000000      -0.204322193499516     
   7.32569000000000        2.13807625000000      -0.197716543200391     
   7.32569000000000        2.44323000000000      -0.191406155841760     
   7.32569000000000        2.74838375000000      -0.185428290519493     
   7.32569000000000        3.05353750000000      -0.180373572612292     
   7.32569000000000        3.35869125000000      -0.177447386688520     
   7.32569000000000        3.66384500000000      -0.174660393301473     
   7.32569000000000        3.96899875000000      -0.168129806562503     
   7.32569000000000        4.27415250000000      -0.160691183608312     
   7.32569000000000        4.57930625000000      -0.151437681126050     
   7.32569000000000        4.88446000000000      -0.143121309083131     
   7.32569000000000        5.18961375000000      -0.136819040079735     
   7.32569000000000        5.49476750000000      -0.132270162858050     
   7.32569000000000        5.79992125000000      -0.129462094500455     
   7.32569000000000        6.10507500000000      -0.127874217438857     
   7.32569000000000        6.41022875000000      -0.126848968582260     
   7.32569000000000        6.71538250000000      -0.125631350695862     
   7.32569000000000        7.02053625000000      -0.123938679225175     
   7.32569000000000        7.32569000000000      -0.120995707272424     
