  2.000000000000000E-003  2.000000000000000E-003  -2.08441185926112     
  2.000000000000000E-003  0.307153750000000       -1.84392698085128     
  2.000000000000000E-003  0.612307500000000       -1.44081545924003     
  2.000000000000000E-003  0.917461250000000       -1.02704013603311     
  2.000000000000000E-003   1.22261500000000      -0.750260689347644     
  2.000000000000000E-003   1.52776875000000      -0.578997097854467     
  2.000000000000000E-003   1.83292250000000      -0.468581386095946     
  2.000000000000000E-003   2.13807625000000      -0.393855089164892     
  2.000000000000000E-003   2.44323000000000      -0.340957710972301     
  2.000000000000000E-003   2.74838375000000      -0.302591370668088     
  2.000000000000000E-003   3.05353750000000      -0.275277795488218     
  2.000000000000000E-003   3.35869125000000      -0.258722742128084     
  2.000000000000000E-003   3.66384500000000      -0.247082573297074     
  2.000000000000000E-003   3.96899875000000      -0.226120252675631     
  2.000000000000000E-003   4.27415250000000      -0.207150190951871     
  2.000000000000000E-003   4.57930625000000      -0.188838183682240     
  2.000000000000000E-003   4.88446000000000      -0.173666213839321     
  2.000000000000000E-003   5.18961375000000      -0.162208476196979     
  2.000000000000000E-003   5.49476750000000      -0.153722508005857     
  2.000000000000000E-003   5.79992125000000      -0.148164108617825     
  2.000000000000000E-003   6.10507500000000      -0.144661540432381     
  2.000000000000000E-003   6.41022875000000      -0.142087363422281     
  2.000000000000000E-003   6.71538250000000      -0.139236200886376     
  2.000000000000000E-003   7.02053625000000      -0.136202428517844     
  2.000000000000000E-003   7.32569000000000      -0.132712969159730     
  0.307153750000000       2.000000000000000E-003  -1.84392702091549     
  0.307153750000000       0.307153750000000       -1.71648793552218     
  0.307153750000000       0.612307500000000       -1.34447273083491     
  0.307153750000000       0.917461250000000      -0.976296639681572     
  0.307153750000000        1.22261500000000      -0.725264435955969     
  0.307153750000000        1.52776875000000      -0.565888349329506     
  0.307153750000000        1.83292250000000      -0.461252882394795     
  0.307153750000000        2.13807625000000      -0.389706150380586     
  0.307153750000000        2.44323000000000      -0.338742732834352     
  0.307153750000000        2.74838375000000      -0.301802595536399     
  0.307153750000000        3.05353750000000      -0.275784519289168     
  0.307153750000000        3.35869125000000      -0.259532344781333     
  0.307153750000000        3.66384500000000      -0.246580483120006     
  0.307153750000000        3.96899875000000      -0.227283584338713     
  0.307153750000000        4.27415250000000      -0.206826870107911     
  0.307153750000000        4.57930625000000      -0.188288253703780     
  0.307153750000000        4.88446000000000      -0.173349134716431     
  0.307153750000000        5.18961375000000      -0.162087807041845     
  0.307153750000000        5.49476750000000      -0.153683789603881     
  0.307153750000000        5.79992125000000      -0.148089659459603     
  0.307153750000000        6.10507500000000      -0.144464959627189     
  0.307153750000000        6.41022875000000      -0.141738774175776     
  0.307153750000000        6.71538250000000      -0.138719114135407     
  0.307153750000000        7.02053625000000      -0.135251152193157     
  0.307153750000000        7.32569000000000      -0.132463717681785     
  0.612307500000000       2.000000000000000E-003  -1.44081539438291     
  0.612307500000000       0.307153750000000       -1.34447271713894     
  0.612307500000000       0.612307500000000       -1.10142993781762     
  0.612307500000000       0.917461250000000      -0.849680304291147     
  0.612307500000000        1.22261500000000      -0.660766898922559     
  0.612307500000000        1.52776875000000      -0.530981889950871     
  0.612307500000000        1.83292250000000      -0.441367901048822     
  0.612307500000000        2.13807625000000      -0.378072737972999     
  0.612307500000000        2.44323000000000      -0.332074619843998     
  0.612307500000000        2.74838375000000      -0.298415941097465     
  0.612307500000000        3.05353750000000      -0.274386412762366     
  0.612307500000000        3.35869125000000      -0.257513671901617     
  0.612307500000000        3.66384500000000      -0.242515909403289     
  0.612307500000000        3.96899875000000      -0.224088643490257     
  0.612307500000000        4.27415250000000      -0.204167328312295     
  0.612307500000000        4.57930625000000      -0.186465013741993     
  0.612307500000000        4.88446000000000      -0.172441906929838     
  0.612307500000000        5.18961375000000      -0.161724895970495     
  0.612307500000000        5.49476750000000      -0.153604591819906     
  0.612307500000000        5.79992125000000      -0.147883750774131     
  0.612307500000000        6.10507500000000      -0.143924357996535     
  0.612307500000000        6.41022875000000      -0.140769398900330     
  0.612307500000000        6.71538250000000      -0.137410865550275     
  0.612307500000000        7.02053625000000      -0.133426286722980     
  0.612307500000000        7.32569000000000      -0.129763807243828     
  0.917461250000000       2.000000000000000E-003  -1.02704006168785     
  0.917461250000000       0.307153750000000      -0.976296758701542     
  0.917461250000000       0.612307500000000      -0.849680436330188     
  0.917461250000000       0.917461250000000      -0.704193813927104     
  0.917461250000000        1.22261500000000      -0.579511251921448     
  0.917461250000000        1.52776875000000      -0.484139883166664     
  0.917461250000000        1.83292250000000      -0.413572551232564     
  0.917461250000000        2.13807625000000      -0.360924776188270     
  0.917461250000000        2.44323000000000      -0.321325206576465     
  0.917461250000000        2.74838375000000      -0.291445697119123     
  0.917461250000000        3.05353750000000      -0.268820254734021     
  0.917461250000000        3.35869125000000      -0.250915473549488     
  0.917461250000000        3.66384500000000      -0.234393631052524     
  0.917461250000000        3.96899875000000      -0.216904544490547     
  0.917461250000000        4.27415250000000      -0.199283979716324     
  0.917461250000000        4.57930625000000      -0.183707786024594     
  0.917461250000000        4.88446000000000      -0.171091602830786     
  0.917461250000000        5.18961375000000      -0.161159169786957     
  0.917461250000000        5.49476750000000      -0.153454104594818     
  0.917461250000000        5.79992125000000      -0.147598735528570     
  0.917461250000000        6.10507500000000      -0.143189801041017     
  0.917461250000000        6.41022875000000      -0.139471105620766     
  0.917461250000000        6.71538250000000      -0.135756416254605     
  0.917461250000000        7.02053625000000      -0.131721970329386     
  0.917461250000000        7.32569000000000      -0.127673234099312     
   1.22261500000000       2.000000000000000E-003 -0.750260553594383     
   1.22261500000000       0.307153750000000      -0.725264536857482     
   1.22261500000000       0.612307500000000      -0.660767061231278     
   1.22261500000000       0.917461250000000      -0.579511344291694     
   1.22261500000000        1.22261500000000      -0.501352811700706     
   1.22261500000000        1.52776875000000      -0.435395628290362     
   1.22261500000000        1.83292250000000      -0.382654745293398     
   1.22261500000000        2.13807625000000      -0.340744066611037     
   1.22261500000000        2.44323000000000      -0.307773755885939     
   1.22261500000000        2.74838375000000      -0.281636458105709     
   1.22261500000000        3.05353750000000      -0.260393786880830     
   1.22261500000000        3.35869125000000      -0.242288995367855     
   1.22261500000000        3.66384500000000      -0.225588434506233     
   1.22261500000000        3.96899875000000      -0.209380499048243     
   1.22261500000000        4.27415250000000      -0.194126849794832     
   1.22261500000000        4.57930625000000      -0.180728278238190     
   1.22261500000000        4.88446000000000      -0.169540436377981     
   1.22261500000000        5.18961375000000      -0.160460331914455     
   1.22261500000000        5.49476750000000      -0.153163648972533     
   1.22261500000000        5.79992125000000      -0.147254253327523     
   1.22261500000000        6.10507500000000      -0.142410855671318     
   1.22261500000000        6.41022875000000      -0.138153826359772     
   1.22261500000000        6.71538250000000      -0.134058162179060     
   1.22261500000000        7.02053625000000      -0.129923614796075     
   1.22261500000000        7.32569000000000      -0.125802298388959     
   1.52776875000000       2.000000000000000E-003 -0.578996924154934     
   1.52776875000000       0.307153750000000      -0.565888382248311     
   1.52776875000000       0.612307500000000      -0.530982029675463     
   1.52776875000000       0.917461250000000      -0.484140016374623     
   1.52776875000000        1.22261500000000      -0.435395673414217     
   1.52776875000000        1.52776875000000      -0.390850057697602     
   1.52776875000000        1.83292250000000      -0.352155687711561     
   1.52776875000000        2.13807625000000      -0.319729025054768     
   1.52776875000000        2.44323000000000      -0.292849621235528     
   1.52776875000000        2.74838375000000      -0.270304534362471     
   1.52776875000000        3.05353750000000      -0.250860830184323     
   1.52776875000000        3.35869125000000      -0.233513531321514     
   1.52776875000000        3.66384500000000      -0.217587568669197     
   1.52776875000000        3.96899875000000      -0.202855248362754     
   1.52776875000000        4.27415250000000      -0.189512740861960     
   1.52776875000000        4.57930625000000      -0.177847417350055     
   1.52776875000000        4.88446000000000      -0.167942869743667     
   1.52776875000000        5.18961375000000      -0.159654242326956     
   1.52776875000000        5.49476750000000      -0.152710790096637     
   1.52776875000000        5.79992125000000      -0.146804677245464     
   1.52776875000000        6.10507500000000      -0.141637423789768     
   1.52776875000000        6.41022875000000      -0.136951776657278     
   1.52776875000000        6.71538250000000      -0.132524538763690     
   1.52776875000000        7.02053625000000      -0.128252669516517     
   1.52776875000000        7.32569000000000      -0.124142637083414     
   1.83292250000000       2.000000000000000E-003 -0.468581392355142     
   1.83292250000000       0.307153750000000      -0.461252987871627     
   1.83292250000000       0.612307500000000      -0.441368029862593     
   1.83292250000000       0.917461250000000      -0.413572565550996     
   1.83292250000000        1.22261500000000      -0.382654655332021     
   1.83292250000000        1.52776875000000      -0.352155599967741     
   1.83292250000000        1.83292250000000      -0.324139874730176     
   1.83292250000000        2.13807625000000      -0.299339391444723     
   1.83292250000000        2.44323000000000      -0.277589265735575     
   1.83292250000000        2.74838375000000      -0.258307011854696     
   1.83292250000000        3.05353750000000      -0.240890478233633     
   1.83292250000000        3.35869125000000      -0.224943875195477     
   1.83292250000000        3.66384500000000      -0.210325803001916     
   1.83292250000000        3.96899875000000      -0.197084222539270     
   1.83292250000000        4.27415250000000      -0.185329322800370     
   1.83292250000000        4.57930625000000      -0.175095229835516     
   1.83292250000000        4.88446000000000      -0.166277480745313     
   1.83292250000000        5.18961375000000      -0.158670373737920     
   1.83292250000000        5.49476750000000      -0.152037589334065     
   1.83292250000000        5.79992125000000      -0.146155449150138     
   1.83292250000000        6.10507500000000      -0.140826370261590     
   1.83292250000000        6.41022875000000      -0.135887751174947     
   1.83292250000000        6.71538250000000      -0.131239324170456     
   1.83292250000000        7.02053625000000      -0.126868025442881     
   1.83292250000000        7.32569000000000      -0.122792240501704     
   2.13807625000000       2.000000000000000E-003 -0.393855288621209     
   2.13807625000000       0.307153750000000      -0.389706228379432     
   2.13807625000000       0.612307500000000      -0.378072673165551     
   2.13807625000000       0.917461250000000      -0.360924581645453     
   2.13807625000000        1.22261500000000      -0.340743813956300     
   2.13807625000000        1.52776875000000      -0.319728804556071     
   2.13807625000000        1.83292250000000      -0.299339268494184     
   2.13807625000000        2.13807625000000      -0.280248694184738     
   2.13807625000000        2.44323000000000      -0.262557915834361     
   2.13807625000000        2.74838375000000      -0.246107125789180     
   2.13807625000000        3.05353750000000      -0.230746776270564     
   2.13807625000000        3.35869125000000      -0.216471937642155     
   2.13807625000000        3.66384500000000      -0.203403839301008     
   2.13807625000000        3.96899875000000      -0.191681455214538     
   2.13807625000000        4.27415250000000      -0.181351465221322     
   2.13807625000000        4.57930625000000      -0.172322956313167     
   2.13807625000000        4.88446000000000      -0.164402192672642     
   2.13807625000000        5.18961375000000      -0.157368268070184     
   2.13807625000000        5.49476750000000      -0.151029624253939     
   2.13807625000000        5.79992125000000      -0.145238566594375     
   2.13807625000000        6.10507500000000      -0.139883820097064     
   2.13807625000000        6.41022875000000      -0.134890596104257     
   2.13807625000000        6.71538250000000      -0.130228939503936     
   2.13807625000000        7.02053625000000      -0.125904023354355     
   2.13807625000000        7.32569000000000      -0.121918621380053     
   2.44323000000000       2.000000000000000E-003 -0.340957997072675     
   2.44323000000000       0.307153750000000      -0.338742821674815     
   2.44323000000000       0.612307500000000      -0.332074478916062     
   2.44323000000000       0.917461250000000      -0.321324886193878     
   2.44323000000000        1.22261500000000      -0.307773372073673     
   2.44323000000000        1.52776875000000      -0.292849279122374     
   2.44323000000000        1.83292250000000      -0.277589026786331     
   2.44323000000000        2.13807625000000      -0.262557799889141     
   2.44323000000000        2.44323000000000      -0.247986901933511     
   2.44323000000000        2.74838375000000      -0.233970071957043     
   2.44323000000000        3.05353750000000      -0.220619836172722     
   2.44323000000000        3.35869125000000      -0.208121645568864     
   2.44323000000000        3.66384500000000      -0.196682960389924     
   2.44323000000000        3.96899875000000      -0.186435909209040     
   2.44323000000000        4.27415250000000      -0.177371295683128     
   2.44323000000000        4.57930625000000      -0.169346941626363     
   2.44323000000000        4.88446000000000      -0.162158077872891     
   2.44323000000000        5.18961375000000      -0.155614999200918     
   2.44323000000000        5.49476750000000      -0.149581234837521     
   2.44323000000000        5.79992125000000      -0.143969878280674     
   2.44323000000000        6.10507500000000      -0.138729855530543     
   2.44323000000000        6.41022875000000      -0.133847738894680     
   2.44323000000000        6.71538250000000      -0.129353056387099     
   2.44323000000000        7.02053625000000      -0.125272954934857     
   2.44323000000000        7.32569000000000      -0.121520028320161     
   2.74838375000000       2.000000000000000E-003 -0.302591824341362     
   2.74838375000000       0.307153750000000      -0.301802900679965     
   2.74838375000000       0.612307500000000      -0.298415907364250     
   2.74838375000000       0.917461250000000      -0.291445310115650     
   2.74838375000000        1.22261500000000      -0.281635980583596     
   2.74838375000000        1.52776875000000      -0.270304105477537     
   2.74838375000000        1.83292250000000      -0.258306687695483     
   2.74838375000000        2.13807625000000      -0.246106919009272     
   2.74838375000000        2.44323000000000      -0.233969975452808     
   2.74838375000000        2.74838375000000      -0.222093256556404     
   2.74838375000000        3.05353750000000      -0.210682224073155     
   2.74838375000000        3.35869125000000      -0.199958411574112     
   2.74838375000000        3.66384500000000      -0.190108025332593     
   2.74838375000000        3.96899875000000      -0.181216237096210     
   2.74838375000000        4.27415250000000      -0.173240311449005     
   2.74838375000000        4.57930625000000      -0.166042476834027     
   2.74838375000000        4.88446000000000      -0.159459096972128     
   2.74838375000000        5.18961375000000      -0.153358016120246     
   2.74838375000000        5.49476750000000      -0.147655814836400     
   2.74838375000000        5.79992125000000      -0.142306610933620     
   2.74838375000000        6.10507500000000      -0.137293780166511     
   2.74838375000000        6.41022875000000      -0.132647236580573     
   2.74838375000000        6.71538250000000      -0.128492481084437     
   2.74838375000000        7.02053625000000      -0.124890762246591     
   2.74838375000000        7.32569000000000      -0.121586259091403     
   3.05353750000000       2.000000000000000E-003 -0.275278173148572     
   3.05353750000000       0.307153750000000      -0.275784539499703     
   3.05353750000000       0.612307500000000      -0.274386154281001     
   3.05353750000000       0.917461250000000      -0.268819734378161     
   3.05353750000000        1.22261500000000      -0.260393210932320     
   3.05353750000000        1.52776875000000      -0.250860350390756     
   3.05353750000000        1.83292250000000      -0.240890109736020     
   3.05353750000000        2.13807625000000      -0.230746512327530     
   3.05353750000000        2.44323000000000      -0.220619668008846     
   3.05353750000000        2.74838375000000      -0.210682144516663     
   3.05353750000000        3.05353750000000      -0.201107690167058     
   3.05353750000000        3.35869125000000      -0.192061293068630     
   3.05353750000000        3.66384500000000      -0.183664455918483     
   3.05353750000000        3.96899875000000      -0.175958853779501     
   3.05353750000000        4.27415250000000      -0.168900246559360     
   3.05353750000000        4.57930625000000      -0.162392003475561     
   3.05353750000000        4.88446000000000      -0.156334009999690     
   3.05353750000000        5.18961375000000      -0.150653248997610     
   3.05353750000000        5.49476750000000      -0.145305952052610     
   3.05353750000000        5.79992125000000      -0.140267882743351     
   3.05353750000000        6.10507500000000      -0.135532792002081     
   3.05353750000000        6.41022875000000      -0.131168481009214     
   3.05353750000000        6.71538250000000      -0.127430426976815     
   3.05353750000000        7.02053625000000      -0.124450898241457     
   3.05353750000000        7.32569000000000      -0.121820405272041     
   3.35869125000000       2.000000000000000E-003 -0.258722853417050     
   3.35869125000000       0.307153750000000      -0.259531802251043     
   3.35869125000000       0.612307500000000      -0.257512823493434     
   3.35869125000000       0.917461250000000      -0.250914577219878     
   3.35869125000000        1.22261500000000      -0.242288282232753     
   3.35869125000000        1.52776875000000      -0.233513041105467     
   3.35869125000000        1.83292250000000      -0.224943510141952     
   3.35869125000000        2.13807625000000      -0.216471656221055     
   3.35869125000000        2.44323000000000      -0.208121436030571     
   3.35869125000000        2.74838375000000      -0.199958275384720     
   3.35869125000000        3.05353750000000      -0.192061230836228     
   3.35869125000000        3.35869125000000      -0.184510858271860     
   3.35869125000000        3.66384500000000      -0.177371351754566     
   3.35869125000000        3.96899875000000      -0.170669516327778     
   3.35869125000000        4.27415250000000      -0.164387155457591     
   3.35869125000000        4.57930625000000      -0.158481149580679     
   3.35869125000000        4.88446000000000      -0.152908648113518     
   3.35869125000000        5.18961375000000      -0.147638184852024     
   3.35869125000000        5.49476750000000      -0.142648476034138     
   3.35869125000000        5.79992125000000      -0.137925991019118     
   3.35869125000000        6.10507500000000      -0.133461457063854     
   3.35869125000000        6.41022875000000      -0.129386962857580     
   3.35869125000000        6.71538250000000      -0.125997542848985     
   3.35869125000000        7.02053625000000      -0.123602835670520     
   3.35869125000000        7.32569000000000      -0.121656210977353     
   3.66384500000000       2.000000000000000E-003 -0.247082342134661     
   3.66384500000000       0.307153750000000      -0.246579794458257     
   3.66384500000000       0.612307500000000      -0.242514856048819     
   3.66384500000000       0.917461250000000      -0.234392583297116     
   3.66384500000000        1.22261500000000      -0.225587687310635     
   3.66384500000000        1.52776875000000      -0.217587141632340     
   3.66384500000000        1.83292250000000      -0.210325496655960     
   3.66384500000000        2.13807625000000      -0.203403583902253     
   3.66384500000000        2.44323000000000      -0.196682744674665     
   3.66384500000000        2.74838375000000      -0.190107862163500     
   3.66384500000000        3.05353750000000      -0.183664358332086     
   3.66384500000000        3.35869125000000      -0.177371315547097     
   3.66384500000000        3.66384500000000      -0.171271291205882     
   3.66384500000000        3.96899875000000      -0.165407242114915     
   3.66384500000000        4.27415250000000      -0.159799640108057     
   3.66384500000000        4.57930625000000      -0.154448708054527     
   3.66384500000000        4.88446000000000      -0.149343454545334     
   3.66384500000000        5.18961375000000      -0.144468698445564     
   3.66384500000000        5.49476750000000      -0.139812672607331     
   3.66384500000000        5.79992125000000      -0.135375489841450     
   3.66384500000000        6.10507500000000      -0.131169899015242     
   3.66384500000000        6.41022875000000      -0.127394957977918     
   3.66384500000000        6.71538250000000      -0.124359929984022     
   3.66384500000000        7.02053625000000      -0.122416615263283     
   3.66384500000000        7.32569000000000      -0.120996283872035     
   3.96899875000000       2.000000000000000E-003 -0.226120487778315     
   3.96899875000000       0.307153750000000      -0.227283372354558     
   3.96899875000000       0.612307500000000      -0.224088089170585     
   3.96899875000000       0.917461250000000      -0.216903873795885     
   3.96899875000000        1.22261500000000      -0.209379978106089     
   3.96899875000000        1.52776875000000      -0.202854979279831     
   3.96899875000000        1.83292250000000      -0.197084024633081     
   3.96899875000000        2.13807625000000      -0.191681263001951     
   3.96899875000000        2.44323000000000      -0.186435719160628     
   3.96899875000000        2.74838375000000      -0.181216075360745     
   3.96899875000000        3.05353750000000      -0.175958747868596     
   3.96899875000000        3.35869125000000      -0.170669472262003     
   3.96899875000000        3.66384500000000      -0.165407237587411     
   3.96899875000000        3.96899875000000      -0.160247627535782     
   3.96899875000000        4.27415250000000      -0.155245197930969     
   3.96899875000000        4.57930625000000      -0.150420225803946     
   3.96899875000000        4.88446000000000      -0.145764279931689     
   3.96899875000000        5.18961375000000      -0.141257755736572     
   3.96899875000000        5.49476750000000      -0.136892693987079     
   3.96899875000000        5.79992125000000      -0.132692554200618     
   3.96899875000000        6.10507500000000      -0.128721179314562     
   3.96899875000000        6.41022875000000      -0.125232246507212     
   3.96899875000000        6.71538250000000      -0.122583756113150     
   3.96899875000000        7.02053625000000      -0.120868276319970     
   3.96899875000000        7.32569000000000      -0.119085839105609     
   4.27415250000000       2.000000000000000E-003 -0.207150784656736     
   4.27415250000000       0.307153750000000      -0.206827393140797     
   4.27415250000000       0.612307500000000      -0.204167564241043     
   4.27415250000000       0.917461250000000      -0.199283853795586     
   4.27415250000000        1.22261500000000      -0.194126695038169     
   4.27415250000000        1.52776875000000      -0.189512670215798     
   4.27415250000000        1.83292250000000      -0.185329250520868     
   4.27415250000000        2.13807625000000      -0.181351350302053     
   4.27415250000000        2.44323000000000      -0.177371145365073     
   4.27415250000000        2.74838375000000      -0.173240163824369     
   4.27415250000000        3.05353750000000      -0.168900143082111     
   4.27415250000000        3.35869125000000      -0.164387114048364     
   4.27415250000000        3.66384500000000      -0.159799644436966     
   4.27415250000000        3.96899875000000      -0.155245212186032     
   4.27415250000000        4.27415250000000      -0.150793786546097     
   4.27415250000000        4.57930625000000      -0.146461400952727     
   4.27415250000000        4.88446000000000      -0.142223579189279     
   4.27415250000000        5.18961375000000      -0.138048080904663     
   4.27415250000000        5.49476750000000      -0.133930871702890     
   4.27415250000000        5.79992125000000      -0.129921344685363     
   4.27415250000000        6.10507500000000      -0.126133745783234     
   4.27415250000000        6.41022875000000      -0.122798603045451     
   4.27415250000000        6.71538250000000      -0.120263182488960     
   4.27415250000000        7.02053625000000      -0.118453934454782     
   4.27415250000000        7.32569000000000      -0.116561440415277     
   4.57930625000000       2.000000000000000E-003 -0.188838774509339     
   4.57930625000000       0.307153750000000      -0.188289007484578     
   4.57930625000000       0.612307500000000      -0.186465500473206     
   4.57930625000000       0.917461250000000      -0.183707932189960     
   4.57930625000000        1.22261500000000      -0.180728379104781     
   4.57930625000000        1.52776875000000      -0.177847498098100     
   4.57930625000000        1.83292250000000      -0.175095253284607     
   4.57930625000000        2.13807625000000      -0.172322898948376     
   4.57930625000000        2.44323000000000      -0.169346816984950     
   4.57930625000000        2.74838375000000      -0.166042329509361     
   4.57930625000000        3.05353750000000      -0.162391884855328     
   4.57930625000000        3.35869125000000      -0.158481089094439     
   4.57930625000000        3.66384500000000      -0.154448698660113     
   4.57930625000000        3.96899875000000      -0.150420235630455     
   4.57930625000000        4.27415250000000      -0.146461403592222     
   4.57930625000000        4.57930625000000      -0.142570631004508     
   4.57930625000000        4.88446000000000      -0.138705393491504     
   4.57930625000000        5.18961375000000      -0.134825702263722     
   4.57930625000000        5.49476750000000      -0.130934784106544     
   4.57930625000000        5.79992125000000      -0.127100233855055     
   4.57930625000000        6.10507500000000      -0.123452676819811     
   4.57930625000000        6.41022875000000      -0.120170177107635     
   4.57930625000000        6.71538250000000      -0.117463262621761     
   4.57930625000000        7.02053625000000      -0.115265877679409     
   4.57930625000000        7.32569000000000      -0.113060553084743     
   4.88446000000000       2.000000000000000E-003 -0.173666510958859     
   4.88446000000000       0.307153750000000      -0.173349518588922     
   4.88446000000000       0.612307500000000      -0.172442222758257     
   4.88446000000000       0.917461250000000      -0.171091846432249     
   4.88446000000000        1.22261500000000      -0.169540634369483     
   4.88446000000000        1.52776875000000      -0.167943011617656     
   4.88446000000000        1.83292250000000      -0.166277536573097     
   4.88446000000000        2.13807625000000      -0.164402144752807     
   4.88446000000000        2.44323000000000      -0.162157939330474     
   4.88446000000000        2.74838375000000      -0.159458911347492     
   4.88446000000000        3.05353750000000      -0.156333832296390     
   4.88446000000000        3.35869125000000      -0.152908517443569     
   4.88446000000000        3.66384500000000      -0.149343376504128     
   4.88446000000000        3.96899875000000      -0.145764232572997     
   4.88446000000000        4.27415250000000      -0.142223538871293     
   4.88446000000000        4.57930625000000      -0.138705359835259     
   4.88446000000000        4.88446000000000      -0.135161486421988     
   4.88446000000000        5.18961375000000      -0.131557079488362     
   4.88446000000000        5.49476750000000      -0.127905708481248     
   4.88446000000000        5.79992125000000      -0.124280448211356     
   4.88446000000000        6.10507500000000      -0.120799228949021     
   4.88446000000000        6.41022875000000      -0.117591615977085     
   4.88446000000000        6.71538250000000      -0.114748275605422     
   4.88446000000000        7.02053625000000      -0.112239290474609     
   4.88446000000000        7.32569000000000      -0.109847061803446     
   5.18961375000000       2.000000000000000E-003 -0.162208495380518     
   5.18961375000000       0.307153750000000      -0.162087958824516     
   5.18961375000000       0.612307500000000      -0.161725128311625     
   5.18961375000000       0.917461250000000      -0.161159412086548     
   5.18961375000000        1.22261500000000      -0.160460532605651     
   5.18961375000000        1.52776875000000      -0.159654366248042     
   5.18961375000000        1.83292250000000      -0.158670394869063     
   5.18961375000000        2.13807625000000      -0.157368172939600     
   5.18961375000000        2.44323000000000      -0.155614796837733     
   5.18961375000000        2.74838375000000      -0.153357742488381     
   5.18961375000000        3.05353750000000      -0.150652957102057     
   5.18961375000000        3.35869125000000      -0.147637922750102     
   5.18961375000000        3.66384500000000      -0.144468488668893     
   5.18961375000000        3.96899875000000      -0.141257592070164     
   5.18961375000000        4.27415250000000      -0.138047946311449     
   5.18961375000000        4.57930625000000      -0.134825592599966     
   5.18961375000000        4.88446000000000      -0.131557012081532     
   5.18961375000000        5.18961375000000      -0.128226368485336     
   5.18961375000000        5.49476750000000      -0.124857608243965     
   5.18961375000000        5.79992125000000      -0.121514596326144     
   5.18961375000000        6.10507500000000      -0.118283090456617     
   5.18961375000000        6.41022875000000      -0.115243110713183     
   5.18961375000000        6.71538250000000      -0.112440586453765     
   5.18961375000000        7.02053625000000      -0.109865795995364     
   5.18961375000000        7.32569000000000      -0.107457796832572     
   5.49476750000000       2.000000000000000E-003 -0.153722272638369     
   5.49476750000000       0.307153750000000      -0.153683810423002     
   5.49476750000000       0.612307500000000      -0.153604827190768     
   5.49476750000000       0.917461250000000      -0.153454380853537     
   5.49476750000000        1.22261500000000      -0.153163837149404     
   5.49476750000000        1.52776875000000      -0.152710856661628     
   5.49476750000000        1.83292250000000      -0.152037530476045     
   5.49476750000000        2.13807625000000      -0.151029438410022     
   5.49476750000000        2.44323000000000      -0.149580926306603     
   5.49476750000000        2.74838375000000      -0.147655407567933     
   5.49476750000000        3.05353750000000      -0.145305495295404     
   5.49476750000000        3.35869125000000      -0.142648032165378     
   5.49476750000000        3.66384500000000      -0.139812289945852     
   5.49476750000000        3.96899875000000      -0.136892385838250     
   5.49476750000000        4.27415250000000      -0.133930624701116     
   5.49476750000000        4.57930625000000      -0.130934585908433     
   5.49476750000000        4.88446000000000      -0.127905563609120     
   5.49476750000000        5.18961375000000      -0.124857531310268     
   5.49476750000000        5.49476750000000      -0.121821508293752     
   5.49476750000000        5.79992125000000      -0.118839179518862     
   5.49476750000000        6.10507500000000      -0.115950568811097     
   5.49476750000000        6.41022875000000      -0.113181681293940     
   5.49476750000000        6.71538250000000      -0.110552371405573     
   5.49476750000000        7.02053625000000      -0.108090864123469     
   5.49476750000000        7.32569000000000      -0.105791216846808     
   5.79992125000000       2.000000000000000E-003 -0.148163818507766     
   5.79992125000000       0.307153750000000      -0.148089601393330     
   5.79992125000000       0.612307500000000      -0.147883911830928     
   5.79992125000000       0.917461250000000      -0.147599022986189     
   5.79992125000000        1.22261500000000      -0.147254471983945     
   5.79992125000000        1.52776875000000      -0.146804680224915     
   5.79992125000000        1.83292250000000      -0.146155291058997     
   5.79992125000000        2.13807625000000      -0.145238268486845     
   5.79992125000000        2.44323000000000      -0.143969436349344     
   5.79992125000000        2.74838375000000      -0.142306030467469     
   5.79992125000000        3.05353750000000      -0.140267211315937     
   5.79992125000000        3.35869125000000      -0.137925326839610     
   5.79992125000000        3.66384500000000      -0.135374933747154     
   5.79992125000000        3.96899875000000      -0.132692137001253     
   5.79992125000000        4.27415250000000      -0.129921030755726     
   5.79992125000000        4.57930625000000      -0.127099985739224     
   5.79992125000000        4.88446000000000      -0.124280254464183     
   5.79992125000000        5.18961375000000      -0.121514459697124     
   5.79992125000000        5.49476750000000      -0.118839105186347     
   5.79992125000000        5.79992125000000      -0.116267931975433     
   5.79992125000000        6.10507500000000      -0.113792716703199     
   5.79992125000000        6.41022875000000      -0.111423616334486     
   5.79992125000000        6.71538250000000      -0.109155952344226     
   5.79992125000000        7.02053625000000      -0.106971710415588     
   5.79992125000000        7.32569000000000      -0.104848841965462     
   6.10507500000000       2.000000000000000E-003 -0.144661394482104     
   6.10507500000000       0.307153750000000      -0.144464844931348     
   6.10507500000000       0.612307500000000      -0.143924328624959     
   6.10507500000000       0.917461250000000      -0.143189871001377     
   6.10507500000000        1.22261500000000      -0.142410923653714     
   6.10507500000000        1.52776875000000      -0.141637329656986     
   6.10507500000000        1.83292250000000      -0.140826095828571     
   6.10507500000000        2.13807625000000      -0.139883401789229     
   6.10507500000000        2.44323000000000      -0.138729262416182     
   6.10507500000000        2.74838375000000      -0.137292974962591     
   6.10507500000000        3.05353750000000      -0.135531810377761     
   6.10507500000000        3.35869125000000      -0.133460494317461     
   6.10507500000000        3.66384500000000      -0.131169216755166     
   6.10507500000000        3.96899875000000      -0.128720796443382     
   6.10507500000000        4.27415250000000      -0.126133493011133     
   6.10507500000000        4.57930625000000      -0.123452456709724     
   6.10507500000000        4.88446000000000      -0.120799034485434     
   6.10507500000000        5.18961375000000      -0.118282923106400     
   6.10507500000000        5.49476750000000      -0.115950422074477     
   6.10507500000000        5.79992125000000      -0.113792600896324     
   6.10507500000000        6.10507500000000      -0.111811173956251     
   6.10507500000000        6.41022875000000      -0.109948046917739     
   6.10507500000000        6.71538250000000      -0.108131618568522     
   6.10507500000000        7.02053625000000      -0.106305891241987     
   6.10507500000000        7.32569000000000      -0.104411440836530     
   6.41022875000000       2.000000000000000E-003 -0.142087184404984     
   6.41022875000000       0.307153750000000      -0.141738407438038     
   6.41022875000000       0.612307500000000      -0.140769073307270     
   6.41022875000000       0.917461250000000      -0.139470882516751     
   6.41022875000000        1.22261500000000      -0.138153624386927     
   6.41022875000000        1.52776875000000      -0.136951466956045     
   6.41022875000000        1.83292250000000      -0.135887314292561     
   6.41022875000000        2.13807625000000      -0.134890053193666     
   6.41022875000000        2.44323000000000      -0.133846985307205     
   6.41022875000000        2.74838375000000      -0.132646123298265     
   6.41022875000000        3.05353750000000      -0.131167137780231     
   6.41022875000000        3.35869125000000      -0.129385883739498     
   6.41022875000000        3.66384500000000      -0.127394421718104     
   6.41022875000000        3.96899875000000      -0.125232129568778     
   6.41022875000000        4.27415250000000      -0.122798560747524     
   6.41022875000000        4.57930625000000      -0.120170039815552     
   6.41022875000000        4.88446000000000      -0.117591433576531     
   6.41022875000000        5.18961375000000      -0.115242919026972     
   6.41022875000000        5.49476750000000      -0.113181444485639     
   6.41022875000000        5.79992125000000      -0.111423333843649     
   6.41022875000000        6.10507500000000      -0.109947909403059     
   6.41022875000000        6.41022875000000      -0.108603248398364     
   6.41022875000000        6.71538250000000      -0.107255343352174     
   6.41022875000000        7.02053625000000      -0.105838378020107     
   6.41022875000000        7.32569000000000      -0.104255690628017     
   6.71538250000000       2.000000000000000E-003 -0.139235580029147     
   6.71538250000000       0.307153750000000      -0.138718369693239     
   6.71538250000000       0.612307500000000      -0.137410362888825     
   6.71538250000000       0.917461250000000      -0.135756054794825     
   6.71538250000000        1.22261500000000      -0.134057779847056     
   6.71538250000000        1.52776875000000      -0.132524025968201     
   6.71538250000000        1.83292250000000      -0.131238687643320     
   6.71538250000000        2.13807625000000      -0.130228282931343     
   6.71538250000000        2.44323000000000      -0.129352176270891     
   6.71538250000000        2.74838375000000      -0.128491189059275     
   6.71538250000000        3.05353750000000      -0.127429120761286     
   6.71538250000000        3.35869125000000      -0.125996697189385     
   6.71538250000000        3.66384500000000      -0.124359818977875     
   6.71538250000000        3.96899875000000      -0.122584078552921     
   6.71538250000000        4.27415250000000      -0.120263305781174     
   6.71538250000000        4.57930625000000      -0.117463060712398     
   6.71538250000000        4.88446000000000      -0.114748013102436     
   6.71538250000000        5.18961375000000      -0.112440328687966     
   6.71538250000000        5.49476750000000      -0.110552013551704     
   6.71538250000000        5.79992125000000      -0.109155539391889     
   6.71538250000000        6.10507500000000      -0.108131480650755     
   6.71538250000000        6.41022875000000      -0.107255520659129     
   6.71538250000000        6.71538250000000      -0.106282273816580     
   6.71538250000000        7.02053625000000      -0.105221980864082     
   6.71538250000000        7.32569000000000      -0.104127515862752     
   7.02053625000000       2.000000000000000E-003 -0.136201466939652     
   7.02053625000000       0.307153750000000      -0.135250546119485     
   7.02053625000000       0.612307500000000      -0.133426063707664     
   7.02053625000000       0.917461250000000      -0.131721787503206     
   7.02053625000000        1.22261500000000      -0.129923248704798     
   7.02053625000000        1.52776875000000      -0.128252067231063     
   7.02053625000000        1.83292250000000      -0.126867268398511     
   7.02053625000000        2.13807625000000      -0.125903303587860     
   7.02053625000000        2.44323000000000      -0.125272075707796     
   7.02053625000000        2.74838375000000      -0.124889605618896     
   7.02053625000000        3.05353750000000      -0.124449860436270     
   7.02053625000000        3.35869125000000      -0.123602241539730     
   7.02053625000000        3.66384500000000      -0.122416688676938     
   7.02053625000000        3.96899875000000      -0.120868577072450     
   7.02053625000000        4.27415250000000      -0.118453787037094     
   7.02053625000000        4.57930625000000      -0.115265327287664     
   7.02053625000000        4.88446000000000      -0.112238760821819     
   7.02053625000000        5.18961375000000      -0.109865400049871     
   7.02053625000000        5.49476750000000      -0.108090382047162     
   7.02053625000000        5.79992125000000      -0.106971213449554     
   7.02053625000000        6.10507500000000      -0.106305772034906     
   7.02053625000000        6.41022875000000      -0.105838809111960     
   7.02053625000000        6.71538250000000      -0.105222574882670     
   7.02053625000000        7.02053625000000      -0.104435326602499     
   7.02053625000000        7.32569000000000      -0.103811415690641     
   7.32569000000000       2.000000000000000E-003 -0.132711990227633     
   7.32569000000000       0.307153750000000      -0.132463398225988     
   7.32569000000000       0.612307500000000      -0.129763937225640     
   7.32569000000000       0.917461250000000      -0.127673305813439     
   7.32569000000000        1.22261500000000      -0.125802032676262     
   7.32569000000000        1.52776875000000      -0.124142031135469     
   7.32569000000000        1.83292250000000      -0.122791466689613     
   7.32569000000000        2.13807625000000      -0.121917908152583     
   7.32569000000000        2.44323000000000      -0.121519288259258     
   7.32569000000000        2.74838375000000      -0.121585356057733     
   7.32569000000000        3.05353750000000      -0.121819613691685     
   7.32569000000000        3.35869125000000      -0.121655735298125     
   7.32569000000000        3.66384500000000      -0.120996145667772     
   7.32569000000000        3.96899875000000      -0.119085285178283     
   7.32569000000000        4.27415250000000      -0.116560443879146     
   7.32569000000000        4.57930625000000      -0.113059457697740     
   7.32569000000000        4.88446000000000      -0.109846206124997     
   7.32569000000000        5.18961375000000      -0.107457215425596     
   7.32569000000000        5.49476750000000      -0.105790626342843     
   7.32569000000000        5.79992125000000      -0.104848238827958     
   7.32569000000000        6.10507500000000      -0.104411114050874     
   7.32569000000000        6.41022875000000      -0.104255804912696     
   7.32569000000000        6.71538250000000      -0.104127908202808     
   7.32569000000000        7.02053625000000      -0.103811748268843     
   7.32569000000000        7.32569000000000      -0.102325202531532     
