  2.000000000000000E-003  2.000000000000000E-003 -0.210325496655953     
  2.000000000000000E-003  0.307153750000000      -0.213159813525811     
  2.000000000000000E-003  0.612307500000000      -0.212840793919134     
  2.000000000000000E-003  0.917461250000000      -0.213269603447267     
  2.000000000000000E-003   1.22261500000000      -0.213205515667017     
  2.000000000000000E-003   1.52776875000000      -0.212582291556580     
  2.000000000000000E-003   1.83292250000000      -0.211674314216035     
  2.000000000000000E-003   2.13807625000000      -0.210951184539723     
  2.000000000000000E-003   2.44323000000000      -0.210385641153237     
  2.000000000000000E-003   2.74838375000000      -0.210098557802925     
  2.000000000000000E-003   3.05353750000000      -0.209942988007058     
  2.000000000000000E-003   3.35869125000000      -0.209468043931851     
  2.000000000000000E-003   3.66384500000000      -0.207403029976761     
  2.000000000000000E-003   3.96899875000000      -0.200419330685742     
  2.000000000000000E-003   4.27415250000000      -0.191874953490505     
  2.000000000000000E-003   4.57930625000000      -0.180683910357316     
  2.000000000000000E-003   4.88446000000000      -0.170433869731407     
  2.000000000000000E-003   5.18961375000000      -0.162565692065941     
  2.000000000000000E-003   5.49476750000000      -0.156832717668633     
  2.000000000000000E-003   5.79992125000000      -0.153091580378003     
  2.000000000000000E-003   6.10507500000000      -0.150590953844138     
  2.000000000000000E-003   6.41022875000000      -0.148467335053016     
  2.000000000000000E-003   6.71538250000000      -0.145918804566141     
  2.000000000000000E-003   7.02053625000000      -0.143378736228710     
  2.000000000000000E-003   7.32569000000000      -0.139791481797727     
  0.307153750000000       2.000000000000000E-003 -0.218539210729408     
  0.307153750000000       0.307153750000000      -0.220747489367711     
  0.307153750000000       0.612307500000000      -0.224499667513672     
  0.307153750000000       0.917461250000000      -0.228357248886219     
  0.307153750000000        1.22261500000000      -0.229698856330200     
  0.307153750000000        1.52776875000000      -0.229587436348133     
  0.307153750000000        1.83292250000000      -0.228829610954862     
  0.307153750000000        2.13807625000000      -0.227952953260952     
  0.307153750000000        2.44323000000000      -0.226817415851905     
  0.307153750000000        2.74838375000000      -0.224956519962862     
  0.307153750000000        3.05353750000000      -0.221810810781910     
  0.307153750000000        3.35869125000000      -0.217568210098187     
  0.307153750000000        3.66384500000000      -0.213241131648004     
  0.307153750000000        3.96899875000000      -0.207218545825709     
  0.307153750000000        4.27415250000000      -0.198634163424639     
  0.307153750000000        4.57930625000000      -0.188098493713067     
  0.307153750000000        4.88446000000000      -0.178218202675352     
  0.307153750000000        5.18961375000000      -0.170174224118727     
  0.307153750000000        5.49476750000000      -0.163843052733502     
  0.307153750000000        5.79992125000000      -0.159279511718449     
  0.307153750000000        6.10507500000000      -0.155809850962968     
  0.307153750000000        6.41022875000000      -0.152591234546379     
  0.307153750000000        6.71538250000000      -0.148777290401741     
  0.307153750000000        7.02053625000000      -0.145177754594170     
  0.307153750000000        7.32569000000000      -0.142449565141045     
  0.612307500000000       2.000000000000000E-003 -0.227169558257537     
  0.612307500000000       0.307153750000000      -0.234750092222089     
  0.612307500000000       0.612307500000000      -0.240965736406761     
  0.612307500000000       0.917461250000000      -0.245430232371377     
  0.612307500000000        1.22261500000000      -0.247651400700455     
  0.612307500000000        1.52776875000000      -0.248388121094752     
  0.612307500000000        1.83292250000000      -0.248177220569666     
  0.612307500000000        2.13807625000000      -0.247437195225624     
  0.612307500000000        2.44323000000000      -0.245882290991837     
  0.612307500000000        2.74838375000000      -0.242860270608047     
  0.612307500000000        3.05353750000000      -0.237611834574053     
  0.612307500000000        3.35869125000000      -0.230303359155960     
  0.612307500000000        3.66384500000000      -0.222421998262881     
  0.612307500000000        3.96899875000000      -0.214494607728013     
  0.612307500000000        4.27415250000000      -0.205415522445620     
  0.612307500000000        4.57930625000000      -0.195451275558209     
  0.612307500000000        4.88446000000000      -0.186150678471244     
  0.612307500000000        5.18961375000000      -0.177968594734981     
  0.612307500000000        5.49476750000000      -0.171056475448125     
  0.612307500000000        5.79992125000000      -0.165527100019692     
  0.612307500000000        6.10507500000000      -0.160893861550279     
  0.612307500000000        6.41022875000000      -0.156559266048589     
  0.612307500000000        6.71538250000000      -0.152040463073958     
  0.612307500000000        7.02053625000000      -0.147581767481587     
  0.612307500000000        7.32569000000000      -0.143083519446553     
  0.917461250000000       2.000000000000000E-003 -0.237358469258424     
  0.917461250000000       0.307153750000000      -0.248009799633472     
  0.917461250000000       0.612307500000000      -0.256255383011186     
  0.917461250000000       0.917461250000000      -0.262172679576383     
  0.917461250000000        1.22261500000000      -0.266126524667156     
  0.917461250000000        1.52776875000000      -0.268414238233337     
  0.917461250000000        1.83292250000000      -0.269254101165755     
  0.917461250000000        2.13807625000000      -0.269037066645686     
  0.917461250000000        2.44323000000000      -0.267241382440547     
  0.917461250000000        2.74838375000000      -0.263319748312749     
  0.917461250000000        3.05353750000000      -0.256849732679005     
  0.917461250000000        3.35869125000000      -0.247859985219124     
  0.917461250000000        3.66384500000000      -0.237331632848324     
  0.917461250000000        3.96899875000000      -0.226283332675135     
  0.917461250000000        4.27415250000000      -0.215138342832630     
  0.917461250000000        4.57930625000000      -0.204467840341655     
  0.917461250000000        4.88446000000000      -0.194768918955705     
  0.917461250000000        5.18961375000000      -0.186054249208005     
  0.917461250000000        5.49476750000000      -0.178345385145877     
  0.917461250000000        5.79992125000000      -0.171683608071806     
  0.917461250000000        6.10507500000000      -0.165727563867681     
  0.917461250000000        6.41022875000000      -0.160135136588467     
  0.917461250000000        6.71538250000000      -0.154688707582758     
  0.917461250000000        7.02053625000000      -0.149268559743912     
  0.917461250000000        7.32569000000000      -0.143677408111105     
   1.22261500000000       2.000000000000000E-003 -0.246020441656583     
   1.22261500000000       0.307153750000000      -0.258742053848164     
   1.22261500000000       0.612307500000000      -0.269643366231837     
   1.22261500000000       0.917461250000000      -0.278573147334048     
   1.22261500000000        1.22261500000000      -0.285407426913817     
   1.22261500000000        1.52776875000000      -0.289932056082444     
   1.22261500000000        1.83292250000000      -0.292261259046497     
   1.22261500000000        2.13807625000000      -0.292533280117476     
   1.22261500000000        2.44323000000000      -0.290274582672430     
   1.22261500000000        2.74838375000000      -0.285232856870458     
   1.22261500000000        3.05353750000000      -0.277327280924516     
   1.22261500000000        3.35869125000000      -0.266746328148738     
   1.22261500000000        3.66384500000000      -0.254104355498797     
   1.22261500000000        3.96899875000000      -0.240482407747150     
   1.22261500000000        4.27415250000000      -0.227097959860580     
   1.22261500000000        4.57930625000000      -0.214855403068213     
   1.22261500000000        4.88446000000000      -0.204017609762273     
   1.22261500000000        5.18961375000000      -0.194385138430892     
   1.22261500000000        5.49476750000000      -0.185641108980943     
   1.22261500000000        5.79992125000000      -0.177657390953304     
   1.22261500000000        6.10507500000000      -0.170265982044953     
   1.22261500000000        6.41022875000000      -0.163285831678430     
   1.22261500000000        6.71538250000000      -0.156682789919614     
   1.22261500000000        7.02053625000000      -0.150376732735903     
   1.22261500000000        7.32569000000000      -0.144224570482071     
   1.52776875000000       2.000000000000000E-003 -0.255713995512194     
   1.52776875000000       0.307153750000000      -0.270550996470797     
   1.52776875000000       0.612307500000000      -0.284586391834242     
   1.52776875000000       0.917461250000000      -0.297259237001950     
   1.52776875000000        1.22261500000000      -0.307620184736475     
   1.52776875000000        1.52776875000000      -0.314792743363231     
   1.52776875000000        1.83292250000000      -0.318477494407000     
   1.52776875000000        2.13807625000000      -0.318397466842973     
   1.52776875000000        2.44323000000000      -0.314732321738413     
   1.52776875000000        2.74838375000000      -0.307855321557822     
   1.52776875000000        3.05353750000000      -0.298052135652055     
   1.52776875000000        3.35869125000000      -0.285579409994145     
   1.52776875000000        3.66384500000000      -0.270983415564456     
   1.52776875000000        3.96899875000000      -0.255309006988447     
   1.52776875000000        4.27415250000000      -0.239896959504691     
   1.52776875000000        4.57930625000000      -0.225841684935112     
   1.52776875000000        4.88446000000000      -0.213548999527369     
   1.52776875000000        5.18961375000000      -0.202737038667150     
   1.52776875000000        5.49476750000000      -0.192839858253405     
   1.52776875000000        5.79992125000000      -0.183477127999997     
   1.52776875000000        6.10507500000000      -0.174613517359231     
   1.52776875000000        6.41022875000000      -0.166274488662992     
   1.52776875000000        6.71538250000000      -0.158565593458349     
   1.52776875000000        7.02053625000000      -0.151507309382658     
   1.52776875000000        7.32569000000000      -0.144963299845535     
   1.83292250000000       2.000000000000000E-003 -0.269414210212602     
   1.83292250000000       0.307153750000000      -0.286991554420932     
   1.83292250000000       0.612307500000000      -0.304777715382877     
   1.83292250000000       0.917461250000000      -0.321775565571843     
   1.83292250000000        1.22261500000000      -0.336124558165668     
   1.83292250000000        1.52776875000000      -0.345903861138554     
   1.83292250000000        1.83292250000000      -0.349826483754785     
   1.83292250000000        2.13807625000000      -0.347852695692326     
   1.83292250000000        2.44323000000000      -0.341076290993387     
   1.83292250000000        2.74838375000000      -0.330921007689667     
   1.83292250000000        3.05353750000000      -0.318352353381092     
   1.83292250000000        3.35869125000000      -0.303736125327557     
   1.83292250000000        3.66384500000000      -0.287339992829646     
   1.83292250000000        3.96899875000000      -0.269890060145857     
   1.83292250000000        4.27415250000000      -0.252615825117022     
   1.83292250000000        4.57930625000000      -0.236741532474270     
   1.83292250000000        4.88446000000000      -0.222867490357589     
   1.83292250000000        5.18961375000000      -0.210761400954168     
   1.83292250000000        5.49476750000000      -0.199715781834876     
   1.83292250000000        5.79992125000000      -0.189147786713860     
   1.83292250000000        6.10507500000000      -0.178952301225170     
   1.83292250000000        6.41022875000000      -0.169387728993942     
   1.83292250000000        6.71538250000000      -0.160723527690301     
   1.83292250000000        7.02053625000000      -0.153038398111087     
   1.83292250000000        7.32569000000000      -0.146163927059173     
   2.13807625000000       2.000000000000000E-003 -0.289605443659716     
   2.13807625000000       0.307153750000000      -0.310922917487098     
   2.13807625000000       0.612307500000000      -0.333280987037538     
   2.13807625000000       0.917461250000000      -0.355137575810703     
   2.13807625000000        1.22261500000000      -0.373497589167361     
   2.13807625000000        1.52776875000000      -0.385108844417996     
   2.13807625000000        1.83292250000000      -0.387914105538670     
   2.13807625000000        2.13807625000000      -0.382141875038697     
   2.13807625000000        2.44323000000000      -0.370086148581391     
   2.13807625000000        2.74838375000000      -0.354674793368026     
   2.13807625000000        3.05353750000000      -0.337942086874925     
   2.13807625000000        3.35869125000000      -0.320506032542023     
   2.13807625000000        3.66384500000000      -0.302229536230888     
   2.13807625000000        3.96899875000000      -0.283240598585050     
   2.13807625000000        4.27415250000000      -0.264384914613077     
   2.13807625000000        4.57930625000000      -0.246862725211911     
   2.13807625000000        4.88446000000000      -0.231461168831392     
   2.13807625000000        5.18961375000000      -0.218086489098142     
   2.13807625000000        5.49476750000000      -0.205990186673152     
   2.13807625000000        5.79992125000000      -0.194439132026787     
   2.13807625000000        6.10507500000000      -0.183240118280700     
   2.13807625000000        6.41022875000000      -0.172733790258228     
   2.13807625000000        6.71538250000000      -0.163364492624108     
   2.13807625000000        7.02053625000000      -0.155255126470157     
   2.13807625000000        7.32569000000000      -0.148126063806747     
   2.44323000000000       2.000000000000000E-003 -0.317404898750938     
   2.44323000000000       0.307153750000000      -0.343576255791980     
   2.44323000000000       0.612307500000000      -0.371838365854963     
   2.44323000000000       0.917461250000000      -0.398646718665142     
   2.44323000000000        1.22261500000000      -0.420111071022963     
   2.44323000000000        1.52776875000000      -0.432325106734193     
   2.44323000000000        1.83292250000000      -0.432538863580084     
   2.44323000000000        2.13807625000000      -0.421158338839802     
   2.44323000000000        2.44323000000000      -0.401786037985595     
   2.44323000000000        2.74838375000000      -0.379163737129344     
   2.44323000000000        3.05353750000000      -0.356738962432227     
   2.44323000000000        3.35869125000000      -0.335583909777830     
   2.44323000000000        3.66384500000000      -0.315134165378194     
   2.44323000000000        3.96899875000000      -0.294723053283381     
   2.44323000000000        4.27415250000000      -0.274567995173178     
   2.44323000000000        4.57930625000000      -0.255664448497075     
   2.44323000000000        4.88446000000000      -0.238918615424401     
   2.44323000000000        5.18961375000000      -0.224408142542439     
   2.44323000000000        5.49476750000000      -0.211419331780268     
   2.44323000000000        5.79992125000000      -0.199121323877730     
   2.44323000000000        6.10507500000000      -0.187227921736020     
   2.44323000000000        6.41022875000000      -0.176105673811538     
   2.44323000000000        6.71538250000000      -0.166316714138064     
   2.44323000000000        7.02053625000000      -0.158035002558527     
   2.44323000000000        7.32569000000000      -0.150826002946468     
   2.74838375000000       2.000000000000000E-003 -0.356095189793943     
   2.74838375000000       0.307153750000000      -0.387779321569966     
   2.74838375000000       0.612307500000000      -0.422828641472014     
   2.74838375000000       0.917461250000000      -0.453403835481958     
   2.74838375000000        1.22261500000000      -0.474016533970603     
   2.74838375000000        1.52776875000000      -0.484268005334134     
   2.74838375000000        1.83292250000000      -0.480344572634842     
   2.74838375000000        2.13807625000000      -0.462161361706399     
   2.74838375000000        2.44323000000000      -0.434311338404191     
   2.74838375000000        2.74838375000000      -0.403330843284440     
   2.74838375000000        3.05353750000000      -0.374229979313811     
   2.74838375000000        3.35869125000000      -0.348707886112178     
   2.74838375000000        3.66384500000000      -0.325824277873620     
   2.74838375000000        3.96899875000000      -0.304035773277272     
   2.74838375000000        4.27415250000000      -0.282807071213673     
   2.74838375000000        4.57930625000000      -0.262805580176273     
   2.74838375000000        4.88446000000000      -0.244965935616711     
   2.74838375000000        5.18961375000000      -0.229518152885020     
   2.74838375000000        5.49476750000000      -0.215823963857803     
   2.74838375000000        5.79992125000000      -0.203001446140893     
   2.74838375000000        6.10507500000000      -0.190684672753962     
   2.74838375000000        6.41022875000000      -0.179254216861849     
   2.74838375000000        6.71538250000000      -0.169391370213208     
   2.74838375000000        7.02053625000000      -0.161353840191671     
   2.74838375000000        7.32569000000000      -0.154459716714080     
   3.05353750000000       2.000000000000000E-003 -0.402115764579031     
   3.05353750000000       0.307153750000000      -0.439791409631399     
   3.05353750000000       0.612307500000000      -0.481042185632952     
   3.05353750000000       0.917461250000000      -0.515442274147413     
   3.05353750000000        1.22261500000000      -0.529916314705364     
   3.05353750000000        1.52776875000000      -0.533846585886694     
   3.05353750000000        1.83292250000000      -0.524539475868470     
   3.05353750000000        2.13807625000000      -0.499522699050935     
   3.05353750000000        2.44323000000000      -0.463569655397502     
   3.05353750000000        2.74838375000000      -0.424615270121409     
   3.05353750000000        3.05353750000000      -0.389084583908856     
   3.05353750000000        3.35869125000000      -0.359330633060630     
   3.05353750000000        3.66384500000000      -0.334105450018269     
   3.05353750000000        3.96899875000000      -0.311044086177144     
   3.05353750000000        4.27415250000000      -0.288922546107876     
   3.05353750000000        4.57930625000000      -0.268083480653926     
   3.05353750000000        4.88446000000000      -0.249424260805911     
   3.05353750000000        5.18961375000000      -0.233274854143792     
   3.05353750000000        5.49476750000000      -0.219072545081620     
   3.05353750000000        5.79992125000000      -0.205912427067509     
   3.05353750000000        6.10507500000000      -0.193362069594999     
   3.05353750000000        6.41022875000000      -0.181795271251139     
   3.05353750000000        6.71538250000000      -0.171987258915732     
   3.05353750000000        7.02053625000000      -0.164491320468929     
   3.05353750000000        7.32569000000000      -0.158344639146441     
   3.35869125000000       2.000000000000000E-003 -0.440302383312809     
   3.35869125000000       0.307153750000000      -0.484767926274342     
   3.35869125000000       0.612307500000000      -0.530922854574770     
   3.35869125000000       0.917461250000000      -0.566459514979850     
   3.35869125000000        1.22261500000000      -0.576430097259362     
   3.35869125000000        1.52776875000000      -0.570789663098824     
   3.35869125000000        1.83292250000000      -0.556319926716670     
   3.35869125000000        2.13807625000000      -0.526071716841195     
   3.35869125000000        2.44323000000000      -0.484218240076204     
   3.35869125000000        2.74838375000000      -0.439495173457947     
   3.35869125000000        3.05353750000000      -0.399307809707155     
   3.35869125000000        3.35869125000000      -0.366497922964372     
   3.35869125000000        3.66384500000000      -0.339574643813484     
   3.35869125000000        3.96899875000000      -0.315543418649494     
   3.35869125000000        4.27415250000000      -0.292749601989935     
   3.35869125000000        4.57930625000000      -0.271340651740459     
   3.35869125000000        4.88446000000000      -0.252157918841965     
   3.35869125000000        5.18961375000000      -0.235572174232874     
   3.35869125000000        5.49476750000000      -0.221064556071383     
   3.35869125000000        5.79992125000000      -0.207715548756377     
   3.35869125000000        6.10507500000000      -0.195025767964834     
   3.35869125000000        6.41022875000000      -0.183330342537940     
   3.35869125000000        6.71538250000000      -0.173394916246717     
   3.35869125000000        7.02053625000000      -0.166304553082266     
   3.35869125000000        7.32569000000000      -0.160819397717820     
   3.66384500000000       2.000000000000000E-003 -0.453607060451801     
   3.66384500000000       0.307153750000000      -0.503017509495899     
   3.66384500000000       0.612307500000000      -0.551069642688127     
   3.66384500000000       0.917461250000000      -0.586522809234087     
   3.66384500000000        1.22261500000000      -0.594834837789047     
   3.66384500000000        1.52776875000000      -0.584667245556088     
   3.66384500000000        1.83292250000000      -0.567955637605087     
   3.66384500000000        2.13807625000000      -0.535720065475637     
   3.66384500000000        2.44323000000000      -0.491697567363825     
   3.66384500000000        2.74838375000000      -0.444867625388025     
   3.66384500000000        3.05353750000000      -0.402986015598959     
   3.66384500000000        3.35869125000000      -0.369077108030341     
   3.66384500000000        3.66384500000000      -0.341543568293255     
   3.66384500000000        3.96899875000000      -0.317132304048946     
   3.66384500000000        4.27415250000000      -0.294067252562490     
   3.66384500000000        4.57930625000000      -0.272445315529556     
   3.66384500000000        4.88446000000000      -0.253078982122127     
   3.66384500000000        5.18961375000000      -0.236345229004265     
   3.66384500000000        5.49476750000000      -0.221736346835307     
   3.66384500000000        5.79992125000000      -0.208325903374446     
   3.66384500000000        6.10507500000000      -0.195584475697765     
   3.66384500000000        6.41022875000000      -0.183809208519503     
   3.66384500000000        6.71538250000000      -0.173721432816929     
   3.66384500000000        7.02053625000000      -0.166829341363564     
   3.66384500000000        7.32569000000000      -0.162173361731063     
   3.96899875000000       2.000000000000000E-003 -0.440300560018905     
   3.96899875000000       0.307153750000000      -0.484786713958952     
   3.96899875000000       0.612307500000000      -0.530939875765630     
   3.96899875000000       0.917461250000000      -0.566470700772064     
   3.96899875000000        1.22261500000000      -0.576437700740064     
   3.96899875000000        1.52776875000000      -0.570795371251001     
   3.96899875000000        1.83292250000000      -0.556324545880982     
   3.96899875000000        2.13807625000000      -0.526075574984083     
   3.96899875000000        2.44323000000000      -0.484221562336869     
   3.96899875000000        2.74838375000000      -0.439498127815139     
   3.96899875000000        3.05353750000000      -0.399310566505412     
   3.96899875000000        3.35869125000000      -0.366500602229944     
   3.96899875000000        3.66384500000000      -0.339577291556408     
   3.96899875000000        3.96899875000000      -0.315546085190666     
   3.96899875000000        4.27415250000000      -0.292752281861499     
   3.96899875000000        4.57930625000000      -0.271343335782968     
   3.96899875000000        4.88446000000000      -0.252160605627542     
   3.96899875000000        5.18961375000000      -0.235574890644523     
   3.96899875000000        5.49476750000000      -0.221067342042966     
   3.96899875000000        5.79992125000000      -0.207718489354417     
   3.96899875000000        6.10507500000000      -0.195029040251832     
   3.96899875000000        6.41022875000000      -0.183334357590462     
   3.96899875000000        6.71538250000000      -0.173399961953085     
   3.96899875000000        7.02053625000000      -0.166308975314970     
   3.96899875000000        7.32569000000000      -0.160815703112199     
   4.27415250000000       2.000000000000000E-003 -0.402113947862369     
   4.27415250000000       0.307153750000000      -0.439809427091186     
   4.27415250000000       0.612307500000000      -0.481063412202898     
   4.27415250000000       0.917461250000000      -0.515459655525282     
   4.27415250000000        1.22261500000000      -0.529930122496038     
   4.27415250000000        1.52776875000000      -0.533858140142921     
   4.27415250000000        1.83292250000000      -0.524549382664283     
   4.27415250000000        2.13807625000000      -0.499531219983375     
   4.27415250000000        2.44323000000000      -0.463577065208875     
   4.27415250000000        2.74838375000000      -0.424621806589930     
   4.27415250000000        3.05353750000000      -0.389090516122966     
   4.27415250000000        3.35869125000000      -0.359336172207421     
   4.27415250000000        3.66384500000000      -0.334110780418760     
   4.27415250000000        3.96899875000000      -0.311049332708088     
   4.27415250000000        4.27415250000000      -0.288927762389541     
   4.27415250000000        4.57930625000000      -0.268088711769818     
   4.27415250000000        4.88446000000000      -0.249429546465027     
   4.27415250000000        5.18961375000000      -0.233280222847128     
   4.27415250000000        5.49476750000000      -0.219078075985771     
   4.27415250000000        5.79992125000000      -0.205918196990373     
   4.27415250000000        6.10507500000000      -0.193368202294779     
   4.27415250000000        6.41022875000000      -0.181801962823390     
   4.27415250000000        6.71538250000000      -0.171993934136357     
   4.27415250000000        7.02053625000000      -0.164494796891478     
   4.27415250000000        7.32569000000000      -0.158339519190197     
   4.57930625000000       2.000000000000000E-003 -0.356095175455674     
   4.57930625000000       0.307153750000000      -0.387793531574333     
   4.57930625000000       0.612307500000000      -0.422848710496880     
   4.57930625000000       0.917461250000000      -0.453424218881562     
   4.57930625000000        1.22261500000000      -0.474035724193616     
   4.57930625000000        1.52776875000000      -0.484285769776989     
   4.57930625000000        1.83292250000000      -0.480360716596630     
   4.57930625000000        2.13807625000000      -0.462175744274193     
   4.57930625000000        2.44323000000000      -0.434323976137818     
   4.57930625000000        2.74838375000000      -0.403341928134412     
   4.57930625000000        3.05353750000000      -0.374239763170885     
   4.57930625000000        3.35869125000000      -0.348716671346681     
   4.57930625000000        3.66384500000000      -0.325832363837228     
   4.57930625000000        3.96899875000000      -0.304043453345149     
   4.57930625000000        4.27415250000000      -0.282814568850251     
   4.57930625000000        4.57930625000000      -0.262813090132581     
   4.57930625000000        4.88446000000000      -0.244973593554854     
   4.57930625000000        5.18961375000000      -0.229526035983704     
   4.57930625000000        5.49476750000000      -0.215832145499959     
   4.57930625000000        5.79992125000000      -0.203009918965285     
   4.57930625000000        6.10507500000000      -0.190693376256059     
   4.57930625000000        6.41022875000000      -0.179262944269864     
   4.57930625000000        6.71538250000000      -0.169399220768336     
   4.57930625000000        7.02053625000000      -0.161358419982137     
   4.57930625000000        7.32569000000000      -0.154458556591036     
   4.88446000000000       2.000000000000000E-003 -0.317408016875780     
   4.88446000000000       0.307153750000000      -0.343589604059573     
   4.88446000000000       0.612307500000000      -0.371858453920003     
   4.88446000000000       0.917461250000000      -0.398670108316990     
   4.88446000000000        1.22261500000000      -0.420135570413118     
   4.88446000000000        1.52776875000000      -0.432349319315947     
   4.88446000000000        1.83292250000000      -0.432561852432137     
   4.88446000000000        2.13807625000000      -0.421179435300645     
   4.88446000000000        2.44323000000000      -0.401804900138062     
   4.88446000000000        2.74838375000000      -0.379180255285677     
   4.88446000000000        3.05353750000000      -0.356753247055221     
   4.88446000000000        3.35869125000000      -0.335596268802216     
   4.88446000000000        3.66384500000000      -0.315145027056058     
   4.88446000000000        3.96899875000000      -0.294732951343770     
   4.88446000000000        4.27415250000000      -0.274577459031323     
   4.88446000000000        4.57930625000000      -0.255673883272674     
   4.88446000000000        4.88446000000000      -0.238928357571436     
   4.88446000000000        5.18961375000000      -0.224418325197040     
   4.88446000000000        5.49476750000000      -0.211429968863030     
   4.88446000000000        5.79992125000000      -0.199132327330577     
   4.88446000000000        6.10507500000000      -0.187239061724752     
   4.88446000000000        6.41022875000000      -0.176116582962405     
   4.88446000000000        6.71538250000000      -0.166326668252722     
   4.88446000000000        7.02053625000000      -0.158042821602514     
   4.88446000000000        7.32569000000000      -0.150830672038306     
   5.18961375000000       2.000000000000000E-003 -0.289612085594653     
   5.18961375000000       0.307153750000000      -0.310938270543412     
   5.18961375000000       0.612307500000000      -0.333303551764422     
   5.18961375000000       0.917461250000000      -0.355164878678670     
   5.18961375000000        1.22261500000000      -0.373527279397001     
   5.18961375000000        1.52776875000000      -0.385139107700013     
   5.18961375000000        1.83292250000000      -0.387943611220538     
   5.18961375000000        2.13807625000000      -0.382169619208826     
   5.18961375000000        2.44323000000000      -0.370111398774041     
   5.18961375000000        2.74838375000000      -0.354697076261896     
   5.18961375000000        3.05353750000000      -0.337961255500871     
   5.18961375000000        3.35869125000000      -0.320522213825168     
   5.18961375000000        3.66384500000000      -0.302243222239483     
   5.18961375000000        3.96899875000000      -0.283252532908936     
   5.18961375000000        4.27415250000000      -0.264395975443850     
   5.18961375000000        4.57930625000000      -0.246873699222941     
   5.18961375000000        4.88446000000000      -0.231472604237809     
   5.18961375000000        5.18961375000000      -0.218098608665193     
   5.18961375000000        5.49476750000000      -0.206002965231469     
   5.18961375000000        5.79992125000000      -0.194452338356345     
   5.18961375000000        6.10507500000000      -0.183253462827101     
   5.18961375000000        6.41022875000000      -0.172746923000411     
   5.18961375000000        6.71538250000000      -0.163377017743770     
   5.18961375000000        7.02053625000000      -0.155266583671274     
   5.18961375000000        7.32569000000000      -0.148136173480420     
   5.49476750000000       2.000000000000000E-003 -0.269424052461881     
   5.49476750000000       0.307153750000000      -0.287010481545894     
   5.49476750000000       0.612307500000000      -0.304804549208907     
   5.49476750000000       0.917461250000000      -0.321807560144927     
   5.49476750000000        1.22261500000000      -0.336159041325998     
   5.49476750000000        1.52776875000000      -0.345939015912491     
   5.49476750000000        1.83292250000000      -0.349861152386301     
   5.49476750000000        2.13807625000000      -0.347885912531335     
   5.49476750000000        2.44323000000000      -0.341107161499279     
   5.49476750000000        2.74838375000000      -0.330948721311445     
   5.49476750000000        3.05353750000000      -0.318376323325976     
   5.49476750000000        3.35869125000000      -0.303756134559006     
   5.49476750000000        3.66384500000000      -0.287356330029669     
   5.49476750000000        3.96899875000000      -0.269903731112194     
   5.49476750000000        4.27415250000000      -0.252628117686408     
   5.49476750000000        4.57930625000000      -0.236753648665701     
   5.49476750000000        4.88446000000000      -0.222880230536257     
   5.49476750000000        5.18961375000000      -0.210775044765177     
   5.49476750000000        5.49476750000000      -0.199730195856347     
   5.49476750000000        5.79992125000000      -0.189162635817877     
   5.49476750000000        6.10507500000000      -0.178967257816875     
   5.49476750000000        6.41022875000000      -0.169402623449131     
   5.49476750000000        6.71538250000000      -0.160738321352822     
   5.49476750000000        7.02053625000000      -0.153053077937223     
   5.49476750000000        7.32569000000000      -0.146178581568423     
   5.79992125000000       2.000000000000000E-003 -0.255727097926927     
   5.79992125000000       0.307153750000000      -0.270575867775476     
   5.79992125000000       0.612307500000000      -0.284620339862962     
   5.79992125000000       0.917461250000000      -0.297297670578487     
   5.79992125000000        1.22261500000000      -0.307659457347503     
   5.79992125000000        1.52776875000000      -0.314831265580868     
   5.79992125000000        1.83292250000000      -0.318515166939132     
   5.79992125000000        2.13807625000000      -0.318434034181141     
   5.79992125000000        2.44323000000000      -0.314767158790770     
   5.79992125000000        2.74838375000000      -0.307887512756677     
   5.79992125000000        3.05353750000000      -0.298080574590506     
   5.79992125000000        3.35869125000000      -0.285603075376003     
   5.79992125000000        3.66384500000000      -0.271002091029895     
   5.79992125000000        3.96899875000000      -0.255323799397230     
   5.79992125000000        4.27415250000000      -0.239909885905167     
   5.79992125000000        4.57930625000000      -0.225854517490123     
   5.79992125000000        4.88446000000000      -0.213562704547916     
   5.79992125000000        5.18961375000000      -0.202751792134026     
   5.79992125000000        5.49476750000000      -0.192855334522641     
   5.79992125000000        5.79992125000000      -0.183492786969626     
   5.79992125000000        6.10507500000000      -0.174629024909994     
   5.79992125000000        6.41022875000000      -0.166289711358233     
   5.79992125000000        6.71538250000000      -0.158581177620626     
   5.79992125000000        7.02053625000000      -0.151524054309438     
   5.79992125000000        7.32569000000000      -0.144981372132161     
   6.10507500000000       2.000000000000000E-003 -0.246036398180075     
   6.10507500000000       0.307153750000000      -0.258777090664661     
   6.10507500000000       0.612307500000000      -0.269689414115133     
   6.10507500000000       0.917461250000000      -0.278620772254947     
   6.10507500000000        1.22261500000000      -0.285451650899817     
   6.10507500000000        1.52776875000000      -0.289972349106376     
   6.10507500000000        1.83292250000000      -0.292299351750567     
   6.10507500000000        2.13807625000000      -0.292570591246877     
   6.10507500000000        2.44323000000000      -0.290311402789109     
   6.10507500000000        2.74838375000000      -0.285268564643770     
   6.10507500000000        3.05353750000000      -0.277360300771602     
   6.10507500000000        3.35869125000000      -0.266773925328754     
   6.10507500000000        3.66384500000000      -0.254124490482871     
   6.10507500000000        3.96899875000000      -0.240496650090903     
   6.10507500000000        4.27415250000000      -0.227110304741262     
   6.10507500000000        4.57930625000000      -0.214868479517984     
   6.10507500000000        4.88446000000000      -0.204032122757287     
   6.10507500000000        5.18961375000000      -0.194400812503972     
   6.10507500000000        5.49476750000000      -0.185657143348245     
   6.10507500000000        5.79992125000000      -0.177672823736941     
   6.10507500000000        6.10507500000000      -0.170279679127313     
   6.10507500000000        6.41022875000000      -0.163298077493703     
   6.10507500000000        6.71538250000000      -0.156696476506466     
   6.10507500000000        7.02053625000000      -0.150394644735170     
   6.10507500000000        7.32569000000000      -0.144245749361598     
   6.41022875000000       2.000000000000000E-003 -0.237376625542813     
   6.41022875000000       0.307153750000000      -0.248063571496714     
   6.41022875000000       0.612307500000000      -0.256321555806605     
   6.41022875000000       0.917461250000000      -0.262232222483978     
   6.41022875000000        1.22261500000000      -0.266174682558981     
   6.41022875000000        1.52776875000000      -0.268453770713827     
   6.41022875000000        1.83292250000000      -0.269289705231638     
   6.41022875000000        2.13807625000000      -0.269072410402347     
   6.41022875000000        2.44323000000000      -0.267278184256044     
   6.41022875000000        2.74838375000000      -0.263358720368507     
   6.41022875000000        3.05353750000000      -0.256888931294001     
   6.41022875000000        3.35869125000000      -0.247892884570814     
   6.41022875000000        3.66384500000000      -0.237352688260683     
   6.41022875000000        3.96899875000000      -0.226295053543688     
   6.41022875000000        4.27415250000000      -0.215148342313155     
   6.41022875000000        4.57930625000000      -0.204480801075204     
   6.41022875000000        4.88446000000000      -0.194784614550156     
   6.41022875000000        5.18961375000000      -0.186071119201813     
   6.41022875000000        5.49476750000000      -0.178361884916540     
   6.41022875000000        5.79992125000000      -0.171697706388692     
   6.41022875000000        6.10507500000000      -0.165736848906982     
   6.41022875000000        6.41022875000000      -0.160139812737045     
   6.41022875000000        6.71538250000000      -0.154695637724952     
   6.41022875000000        7.02053625000000      -0.149287209139520     
   6.41022875000000        7.32569000000000      -0.143703161191636     
   6.71538250000000       2.000000000000000E-003 -0.227189112533156     
   6.71538250000000       0.307153750000000      -0.234835036924904     
   6.71538250000000       0.612307500000000      -0.241056697389065     
   6.71538250000000       0.917461250000000      -0.245498287065079     
   6.71538250000000        1.22261500000000      -0.247698218818086     
   6.71538250000000        1.52776875000000      -0.248422522796273     
   6.71538250000000        1.83292250000000      -0.248206956698623     
   6.71538250000000        2.13807625000000      -0.247467786679040     
   6.71538250000000        2.44323000000000      -0.245916937880418     
   6.71538250000000        2.74838375000000      -0.242901598874795     
   6.71538250000000        3.05353750000000      -0.237657569927019     
   6.71538250000000        3.35869125000000      -0.230343606365667     
   6.71538250000000        3.66384500000000      -0.222444696419001     
   6.71538250000000        3.96899875000000      -0.214504303453550     
   6.71538250000000        4.27415250000000      -0.205425315495452     
   6.71538250000000        4.57930625000000      -0.195465886338723     
   6.71538250000000        4.88446000000000      -0.186168826557003     
   6.71538250000000        5.18961375000000      -0.177987547110935     
   6.71538250000000        5.49476750000000      -0.171074127638729     
   6.71538250000000        5.79992125000000      -0.165540635005074     
   6.71538250000000        6.10507500000000      -0.160899447416579     
   6.71538250000000        6.41022875000000      -0.156554203353963     
   6.71538250000000        6.71538250000000      -0.152032529242870     
   6.71538250000000        7.02053625000000      -0.147596974216233     
   6.71538250000000        7.32569000000000      -0.143116148766120     
   7.02053625000000       2.000000000000000E-003 -0.218558545219602     
   7.02053625000000       0.307153750000000      -0.220850871965715     
   7.02053625000000       0.612307500000000      -0.224586824930725     
   7.02053625000000       0.917461250000000      -0.228410905783651     
   7.02053625000000        1.22261500000000      -0.229731803470013     
   7.02053625000000        1.52776875000000      -0.229610430152221     
   7.02053625000000        1.83292250000000      -0.228850047460845     
   7.02053625000000        2.13807625000000      -0.227976126119280     
   7.02053625000000        2.44323000000000      -0.226846773291258     
   7.02053625000000        2.74838375000000      -0.224995016597889     
   7.02053625000000        3.05353750000000      -0.221857794886702     
   7.02053625000000        3.35869125000000      -0.217613858104565     
   7.02053625000000        3.66384500000000      -0.213266791727752     
   7.02053625000000        3.96899875000000      -0.207232854729993     
   7.02053625000000        4.27415250000000      -0.198651506660189     
   7.02053625000000        4.57930625000000      -0.188119809147831     
   7.02053625000000        4.88446000000000      -0.178241030322074     
   7.02053625000000        5.18961375000000      -0.170196428322312     
   7.02053625000000        5.49476750000000      -0.163863400538347     
   7.02053625000000        5.79992125000000      -0.159296248646116     
   7.02053625000000        6.10507500000000      -0.155820118178866     
   7.02053625000000        6.41022875000000      -0.152590358154444     
   7.02053625000000        6.71538250000000      -0.148761677258111     
   7.02053625000000        7.02053625000000      -0.145171562478710     
   7.02053625000000        7.32569000000000      -0.142481402840076     
   7.32569000000000       2.000000000000000E-003 -0.210343081823216     
   7.32569000000000       0.307153750000000      -0.213165123572759     
   7.32569000000000       0.612307500000000      -0.212843157743345     
   7.32569000000000       0.917461250000000      -0.213274645321207     
   7.32569000000000        1.22261500000000      -0.213211383113805     
   7.32569000000000        1.52776875000000      -0.212588832062852     
   7.32569000000000        1.83292250000000      -0.211683358078320     
   7.32569000000000        2.13807625000000      -0.210965115535562     
   7.32569000000000        2.44323000000000      -0.210405892769025     
   7.32569000000000        2.74838375000000      -0.210126194194649     
   7.32569000000000        3.05353750000000      -0.209976722186060     
   7.32569000000000        3.35869125000000      -0.209501551408654     
   7.32569000000000        3.66384500000000      -0.207428519163456     
   7.32569000000000        3.96899875000000      -0.200451486075785     
   7.32569000000000        4.27415250000000      -0.191907946203019     
   7.32569000000000        4.57930625000000      -0.180715113035923     
   7.32569000000000        4.88446000000000      -0.170462334608248     
   7.32569000000000        5.18961375000000      -0.162591470423021     
   7.32569000000000        5.49476750000000      -0.156856826362723     
   7.32569000000000        5.79992125000000      -0.153115184717914     
   7.32569000000000        6.10507500000000      -0.150616600384972     
   7.32569000000000        6.41022875000000      -0.148499498304917     
   7.32569000000000        6.71538250000000      -0.145961136164641     
   7.32569000000000        7.02053625000000      -0.143418396445358     
   7.32569000000000        7.32569000000000      -0.139811735644637     
